-0.00319579 0.00852212 -0.0245011 0.0186768 0.267456 0.962585 -27.1456 12.5979 22.9463 31.5909
-0.00213053 0.015979 0.00958738 0.013855 0.262878 0.977905 -27.1456 12.5979 22.9463 31.543
-0.00639159 0.0223706 0.015979 0.0159912 0.267822 0.961853 -26.8456 14.8476 22.9463 31.7347
0.0170442 -0.00106526 -0.0436758 0.0175781 0.260681 0.967651 -27.5955 13.6478 22.4963 31.7347
-0.0468716 0.0607201 0.052198 0.0133057 0.264282 0.977844 -27.5955 13.6478 22.4963 31.6389
0.0330232 -0.0245011 -0.0490022 0.0228882 0.264587 0.958679 -27.5955 13.6478 22.4963 31.6389
-0.0426106 0.0447411 0.0181095 0.0116577 0.261719 0.968018 -27.1456 13.6478 20.9966 31.543
0.0319579 0.00319579 -0.0234358 0.0178833 0.266174 0.982056 -25.9458 13.3478 22.1964 31.7347
-0.0298274 0.0223706 0.0117179 0.0122681 0.262634 0.956421 -25.9458 13.3478 22.1964 31.9264
-0.00532632 -0.015979 -0.0127832 0.0170898 0.265442 0.975281 -27.5955 14.3977 22.1964 31.7826
0.00319579 0.0553938 -0.00106526 0.00976562 0.262512 0.973145 -27.7455 12.7479 22.7963 31.7347
-0.00532632 -0.0170442 -0.00532632 0.0189819 0.266479 0.96051 -27.4455 13.4978 21.2965 31.6389
-0.015979 0.0276969 0.0117179 0.0106812 0.262085 0.977661 -27.4455 12.7479 21.5965 31.6389
0.00106526 0.0372843 0.0191748 0.0192871 0.260193 0.97168 -26.9956 14.9976 21.5965 31.5909
-0.00852212 -0.0127832 -0.0372843 0.0249023 0.267334 0.952576 -28.1954 13.4978 21.2965 31.7826
0 0.0127832 0.0266316 0.00817871 0.261902 0.989197 -26.5457 13.1979 22.3464 31.543
0.0149137 0.0308927 -0.0138484 0.0223999 0.265381 0.961792 -26.5457 13.1979 22.3464 31.3993
-0.0213053 -0.00639159 -0.0298274 0.0201416 0.266724 0.95166 -26.3957 14.0977 21.7465 31.6389
-0.00106526 0.0213053 0.0245011 0.00848389 0.262146 0.991211 -28.6453 13.4978 22.7963 31.7347
0.0117179 0.0298274 0.00639159 0.0166016 0.262207 0.96405 -28.6453 13.4978 22.7963 31.7347
-0.00639159 0 -0.0106526 0.0196533 0.263245 0.958679 -28.7953 14.0977 21.4465 31.7826
0.00852212 0.0213053 -0.00639159 0.0118408 0.261536 0.984314 -28.1954 13.4978 22.7963 31.5909
-0.0127832 0.0351537 0.0127832 0.0168457 0.261047 0.962219 -28.1954 13.4978 22.7963 31.6389
-0.0138484 0.015979 -0.0127832 0.015686 0.262512 0.966309 -28.1954 12.448 22.7963 31.9264
-0.0138484 0.04048 0.0149137 0.0175781 0.263855 0.971558 -28.7953 14.0977 22.9463 31.7347
-0.00852212 -0.00852212 -0.00319579 0.0186768 0.265564 0.964905 -28.7953 14.0977 22.9463 31.6389
0.00426106 0.0223706 -0.00958738 0.0142822 0.262146 0.973694 -26.3957 14.0977 22.1964 31.543
-0.00213053 0.00958738 0.0106526 0.0177002 0.264404 0.9776 -27.4455 13.4978 22.0464 31.5909
-0.00852212 0.00745685 -0.0117179 0.0196533 0.265808 0.960876 -27.4455 13.4978 22.0464 31.8306
0.00106526 0.00639159 -0.0255663 0.0101929 0.261108 0.974182 -28.1954 14.2477 22.0464 31.5909
0.00426106 0.02024 0.0234358 0.0131226 0.261353 0.975525 -27.4455 14.9976 22.3464 31.7347
0 -0.00639159 -0.0149137 0.0157471 0.262573 0.965027 -28.1954 13.9477 21.2965 31.5909
-0.00745685 0.0191748 -0.00213053 0.0107422 0.259827 0.971436 -28.3454 12.8979 22.1964 31.543
-0.00852212 0.015979 0.0308927 0.0137939 0.263977 0.975098 -26.5457 13.4978 22.0464 31.6389
0 0.0149137 -0.00852212 0.0178223 0.262024 0.967285 -26.2457 13.9477 23.0962 31.8306
-0.00213053 0.0106526 -0.00958738 0.0178833 0.263184 0.971069 -26.9956 13.4978 21.2965 31.8306
-0.00426106 0.0234358 0.0117179 0.0167236 0.264038 0.972717 -26.9956 13.4978 21.2965 31.4472
0.0117179 0.00106526 -0.0181095 0.0180054 0.264526 0.966858 -26.9956 13.4978 21.2965 31.7826
-0.00639159 0.0106526 0.00319579 0.0133667 0.262573 0.973389 -28.9453 13.9477 22.0464 31.7826
0.00639159 0.0170442 0.0138484 0.0141602 0.262451 0.974243 -28.3454 14.3977 20.6966 31.5909
0.00426106 0.015979 -0.0223706 0.0163574 0.264893 0.96167 -28.3454 14.3977 20.6966 31.7826
-0.0106526 0.00852212 -0.00532632 0.017395 0.265991 0.967285 -27.7455 14.9976 21.5965 31.5909
0.00106526 0.0170442 0.00319579 0.0126343 0.263733 0.978027 -27.5955 14.0977 21.4465 31.6389
-0.00958738 0.00745685 0.00532632 0.0180664 0.261536 0.966736 -27.5955 14.0977 21.4465 31.6389
0.00319579 0.00532632 -0.0223706 0.0171509 0.263916 0.968201 -27.4455 14.6976 22.3464 31.7826
-0.00745685 0.0191748 0.00532632 0.0160522 0.259277 0.976074 -28.7953 12.148 20.9966 31.5909
-0.00745685 0.0213053 0.00852212 0.0162354 0.263245 0.967712 -28.7953 12.148 20.9966 31.6389
-0.00319579 0.0191748 -0.0127832 0.0203857 0.269531 0.966003 -28.1954 13.9477 23.0962 31.7826
-0.0213053 0.0117179 0.00639159 0.0160522 0.263123 0.972412 -26.8456 14.3977 21.7465 31.7347
-0.00213053 0.0245011 0.00213053 0.0159912 0.263672 0.968628 -26.8456 14.3977 21.7465 31.6389
0.0127832 -0.00213053 -0.015979 0.0180054 0.263916 0.972961 -28.0454 12.8979 23.2462 31.543
-0.00106526 0.00745685 0.00532632 0.0154419 0.260376 0.970703 -28.7953 14.0977 21.7465 31.6389
-0.00639159 0.0117179 -0.00958738 0.0172119 0.262695 0.969116 -27.5955 14.8476 23.2462 31.7347
-0.00745685 0.0181095 -0.00639159 0.0140381 0.265015 0.969116 -26.8456 14.8476 20.2467 31.8306
-0.0170442 0.015979 0.00958738 0.0146484 0.266602 0.972595 -26.8456 14.0977 21.7465 31.6389
-0.00532632 0.00639159 0.00319579 0.0155029 0.264343 0.971069 -26.5457 13.9477 23.0962 31.8306
0.00532632 0.0117179 -0.0106526 0.0187988 0.264587 0.971497 -27.4455 14.2477 22.3464 31.543
0.00745685 0.0117179 -0.00639159 0.0166626 0.265381 0.970154 -27.7455 14.2477 21.5965 31.7347
-0.00639159 0.00106526 0.00639159 0.0147095 0.262329 0.969666 -27.1456 12.8979 22.1964 31.5909
-0.00319579 0.0276969 0.00213053 0.0164185 0.261597 0.971069 -28.1954 13.1979 22.0464 31.7826
0.00213053 0.00958738 -0.0117179 0.0209961 0.26593 0.966553 -28.1954 13.1979 22.0464 31.8306
-0.0117179 0.00852212 -0.00426106 0.0131226 0.26123 0.96991 -28.0454 14.0977 21.4465 31.4472
-0.00213053 0.015979 0.00745685 0.0144653 0.265076 0.97406 -26.5457 13.9477 20.8466 31.7826
0.00213053 0.00213053 -0.00639159 0.0202637 0.263428 0.970337 -26.5457 13.9477 20.8466 31.7826
-0.00532632 0.00958738 -0.00639159 0.015564 0.261902 0.967285 -27.7455 14.2477 22.0464 31.8306
-0.0127832 0.0255663 0.00426106 0.0140381 0.263 0.97345 -26.5457 13.9477 23.0962 31.9264
-0.00958738 0.0223706 0.00852212 0.0126953 0.264709 0.966553 -26.5457 13.9477 23.0962 31.3034
-0.0149137 0.0149137 0.00532632 0.0172729 0.265747 0.967529 -28.1954 13.4978 21.2965 31.7347
-0.0106526 0.0181095 -0.00426106 0.0192261 0.26239 0.967529 -26.5457 14.6976 23.0962 31.7826
-0.00213053 0.0149137 0 0.0148315 0.262451 0.970703 -26.5457 14.6976 23.0962 31.6389
-0.00639159 0.0117179 0.00426106 0.0200195 0.266602 0.968933 -26.5457 14.6976 23.0962 31.6389
-0.00426106 0.00213053 -0.0170442 0.0183716 0.262268 0.966248 -28.1954 13.4978 22.3464 31.4472
-0.0117179 0.0223706 0.00106526 0.0129395 0.264282 0.969666 -26.9956 12.7479 23.0962 31.543
-0.00106526 0.0127832 -0.00745685 0.0183716 0.262024 0.96936 -26.3957 15.8974 22.9463 31.7826
-0.00213053 0.00532632 0.00106526 0.0114136 0.262695 0.971497 -28.6453 14.9976 20.8466 31.4472
-0.00426106 0.0138484 0.00958738 0.015564 0.262878 0.974915 -27.7455 13.4978 22.0464 31.6389
0.0149137 0.00958738 -0.0138484 0.0189209 0.266357 0.968811 -27.1456 13.6478 22.1964 31.2555
-0.00958738 -0.00852212 0 0.0169678 0.262024 0.973328 -28.6453 14.2477 21.2965 31.5909
-0.00319579 0.0170442 0.00852212 0.0119019 0.26062 0.973877 -28.1954 13.9477 21.5965 31.5909
-0.00319579 0.0149137 -0.00319579 0.0159912 0.261841 0.967773 -28.6453 12.7479 21.5965 31.7826
-0.00106526 0.00958738 -0.00852212 0.0164795 0.265198 0.969666 -26.9956 12.448 21.5965 31.8306
-0.00106526 0.015979 0.00852212 0.0126343 0.263977 0.976074 -26.9956 12.448 21.5965 31.6389
0 0.0191748 -0.00106526 0.0181274 0.261597 0.970703 -28.0454 13.6478 20.2467 31.5909
0 0.0117179 -0.00958738 0.0196533 0.26593 0.967651 -28.1954 13.9477 22.0464 31.7347
0 0.00213053 -0.0106526 0.015564 0.262939 0.96637 -28.1954 13.9477 22.0464 31.7826
-0.0106526 0.0170442 0.00426106 0.0128784 0.262817 0.971436 -28.7953 13.6478 21.7465 31.7347
0.00426106 0.0127832 -0.0106526 0.0169678 0.263611 0.964539 -27.7455 13.1979 22.3464 31.5909
-0.00426106 -0.00213053 -0.00639159 0.0153809 0.261047 0.969727 -27.7455 13.1979 22.3464 31.7347
-0.00426106 0.02024 0.0117179 0.0136719 0.260681 0.974304 -28.1954 14.2477 22.0464 31.7347
-0.00106526 0.0127832 -0.00106526 0.0177612 0.265503 0.970093 -27.7455 16.1974 22.3464 31.5909
-0.0106526 0.00745685 -0.00213053 0.0178833 0.264221 0.973328 -27.7455 16.1974 22.3464 31.543
-0.00426106 0.0223706 -0.00213053 0.0181274 0.263123 0.969727 -28.0454 13.6478 20.9966 31.7347
0.00426106 0.00852212 -0.0127832 0.0177002 0.264221 0.967407 -27.1456 14.0977 21.7465 31.7347
0.00106526 0.00426106 0.00106526 0.0142212 0.26416 0.973511 -25.6458 13.3478 21.7465 31.7347
0.00213053 0.00532632 0.00106526 0.0125732 0.260803 0.975281 -27.5955 13.3478 22.1964 31.7826
0.00213053 0.0170442 -0.00319579 0.0136108 0.260376 0.968628 -28.6453 14.2477 21.2965 31.7826
-0.00958738 0.00745685 -0.00745685 0.0160522 0.266663 0.969543 -28.7953 13.3478 20.6966 31.3993
-0.00213053 0.00639159 -0.00213053 0.0142822 0.262573 0.971252 -27.5955 14.3977 22.9463 31.4472
-0.00639159 0.0127832 0.00532632 0.0147705 0.263306 0.97345 -26.8456 14.8476 22.1964 31.7347
0.00106526 0.0170442 -0.00958738 0.0178223 0.262024 0.966064 -26.9956 14.2477 22.0464 31.7826
0.00213053 -0.00213053 -0.0106526 0.0165405 0.264587 0.966492 -27.1456 13.3478 21.4465 31.7826
-0.00639159 0.0170442 0.00639159 0.0133667 0.261108 0.973938 -27.1456 13.3478 21.4465 31.6389
-0.00532632 0.0213053 -0.00426106 0.0180054 0.265015 0.967041 -27.1456 13.3478 21.4465 31.4472
-0.00532632 0.00745685 -0.0149137 0.0150757 0.262634 0.964233 -27.1456 13.3478 23.2462 31.7826
-0.0127832 0.02024 -0.00319579 0.0172119 0.263123 0.974121 -27.4455 14.6976 21.5965 31.7347
0.00852212 0.0138484 -0.00532632 0.0151978 0.262939 0.967163 -27.4455 14.6976 21.5965 31.7347
-0.00106526 0.00319579 -0.00106526 0.0212402 0.263794 0.969849 -28.3454 14.0977 22.1964 31.3993
0.00426106 0.0127832 -0.00213053 0.013855 0.262817 0.969543 -27.5955 14.0977 21.7465 31.9743
-0.00639159 0.0213053 -0.00319579 0.0144653 0.261719 0.968445 -27.5955 14.0977 21.7465 31.4472
-0.00639159 0.0181095 0.00745685 0.0168457 0.264404 0.967224 -27.5955 14.0977 20.9966 31.7347
-0.0149137 0.00745685 0 0.0167236 0.264404 0.968201 -26.9956 14.9976 22.3464 31.7826
0 0.0138484 -0.00426106 0.0133667 0.261841 0.968384 -26.9956 14.9976 22.3464 31.4472
0.00532632 0.0149137 -0.00532632 0.0172119 0.264893 0.967224 -28.3454 14.3977 22.1964 31.7347
0.00213053 -0.00958738 -0.00745685 0.0174561 0.266052 0.968689 -27.7455 13.1979 20.0967 31.7826
-0.00958738 0.0127832 0.00852212 0.0142212 0.263611 0.973389 -28.1954 13.9477 22.0464 31.7826
-0.00106526 0.015979 -0.00106526 0.0143433 0.267029 0.967712 -28.6453 14.2477 22.0464 31.7347
-0.00213053 0.0117179 -0.0170442 0.0197144 0.265076 0.965515 -27.5955 12.8979 21.7465 31.543
-0.00213053 0.00745685 0.00639159 0.0163574 0.259705 0.973816 -27.7455 15.4475 23.0962 31.6389
0.00532632 0.0127832 0.00319579 0.0188599 0.259583 0.971252 -28.3454 14.0977 21.4465 31.5909
0.00532632 0.00106526 -0.00426106 0.0178833 0.263428 0.967834 -28.0454 14.0977 21.4465 31.7347
-0.00852212 0.00745685 0 0.0147705 0.262329 0.971252 -26.9956 13.4978 21.2965 31.7347
-0.00639159 0.0117179 0.00106526 0.0142822 0.263855 0.972046 -26.5457 13.4978 21.5965 31.4472
-0.00532632 0.0181095 0.00532632 0.0126343 0.265137 0.971863 -26.5457 13.4978 21.5965 31.7826
0 -0.00213053 -0.00958738 0.0147705 0.261719 0.970764 -28.1954 14.9976 22.0464 31.8306
0 0.0170442 0 0.0140991 0.260193 0.971802 -26.8456 14.3977 21.4465 31.7826
0.00213053 0.0181095 0.00319579 0.0158081 0.266113 0.974976 -26.8456 14.3977 21.4465 31.9264
0.00106526 0 -0.00958738 0.0171509 0.264893 0.970825 -28.7953 14.0977 21.4465 31.5909
-0.00958738 0.015979 -0.00639159 0.0119629 0.260864 0.969727 -28.3454 14.0977 22.4963 31.6389
-0.00213053 0.0234358 -0.00213053 0.0172729 0.265869 0.97052 -28.3454 14.0977 22.4963 31.5909
-0.00745685 0.0117179 -0.00745685 0.0169678 0.263916 0.967529 -28.1954 13.9477 22.0464 31.7826
-0.00852212 0.00958738 0.00532632 0.0134888 0.264038 0.973145 -27.5955 13.6478 21.7465 31.6389
0 0.0191748 0.00426106 0.0166626 0.259888 0.969971 -27.5955 13.6478 21.7465 31.7826
0.00852212 0.00106526 -0.0127832 0.0168457 0.261414 0.971985 -27.7455 13.4978 22.3464 31.7347
-0.0149137 0.00639159 0 0.0120239 0.262207 0.969849 -28.1954 14.6976 22.0464 31.7826
-0.00213053 0.0191748 0.00426106 0.0153809 0.258484 0.971985 -28.1954 14.6976 22.0464 31.7347
-0.00639159 0.02024 -0.00213053 0.0151367 0.263184 0.967957 -28.1954 14.6976 22.0464 31.8306
-0.00319579 0.00639159 -0.00319579 0.019104 0.26239 0.97052 -27.1456 14.0977 23.6961 31.4472
0 0.00532632 0.00532632 0.0140381 0.264099 0.970764 -27.7455 13.9477 20.8466 31.7347
0 0.00958738 0.00852212 0.0172729 0.262634 0.971436 -26.8456 14.8476 20.6966 31.7347
-0.00319579 0.00745685 -0.00639159 0.0152588 0.263367 0.965759 -27.4455 13.9477 21.2965 31.8306
-0.0149137 0.0213053 -0.00532632 0.0180664 0.262329 0.967834 -27.7455 13.4978 21.5965 31.9743
-0.00958738 0.0255663 0.00532632 0.013855 0.263794 0.971985 -27.5955 13.6478 23.2462 31.543
0.00426106 0.00106526 -0.00852212 0.0205078 0.264404 0.968567 -27.7455 13.9477 21.2965 31.7347
-0.00319579 0.00532632 -0.00213053 0.0143433 0.262451 0.971008 -28.1954 13.4978 22.3464 31.6389
0.00106526 0.0170442 0.00639159 0.0164795 0.261963 0.970154 -26.3957 12.5979 21.4465 31.7347
0.00106526 0.00639159 -0.00106526 0.0166626 0.263367 0.96936 -27.5955 14.3977 22.1964 31.5909
-0.0117179 0.0138484 0.00426106 0.0158691 0.262573 0.971863 -27.5955 14.3977 22.1964 31.5909
-0.0106526 0.0138484 -0.0106526 0.019043 0.263672 0.969238 -28.0454 14.3977 21.7465 31.543
-0.00639159 0.015979 -0.00958738 0.0169067 0.260498 0.968994 -27.7455 13.4978 21.2965 31.7826
0.00426106 -0.00213053 0.00213053 0.0165405 0.263733 0.969238 -27.7455 13.4978 21.2965 31.7826
-0.00958738 0.00639159 0 0.0166016 0.260254 0.971558 -28.0454 13.6478 22.1964 31.7826
0.00213053 0.00958738 0.00213053 0.0178223 0.260803 0.968689 -27.5955 13.6478 22.4963 31.4472
-0.0106526 0.015979 -0.00958738 0.0174561 0.26593 0.96344 -27.5955 13.6478 22.4963 31.6389
-0.00852212 0.00426106 -0.00958738 0.0159912 0.260498 0.969788 -28.3454 13.3478 21.7465 31.5909
-0.00852212 0.0245011 0.0149137 0.0127563 0.261963 0.973938 -26.8456 13.3478 21.7465 31.7826
0.00639159 0.0138484 -0.00852212 0.0197144 0.262817 0.966003 -26.8456 13.3478 21.7465 31.9264
-0.00745685 0.00852212 -0.00852212 0.0161743 0.261292 0.967896 -29.8451 14.6976 22.3464 31.4472
-0.00319579 0.0181095 0.0106526 0.0161743 0.264343 0.974487 -27.7455 12.7479 22.3464 31.8306
-0.00213053 0.00958738 -0.0117179 0.0177002 0.266174 0.968933 -27.7455 14.2477 21.5965 31.7826
-0.00852212 0.0117179 -0.00213053 0.0188599 0.266479 0.968018 -27.5955 12.8979 20.9966 31.5909
-0.00319579 0.0138484 -0.00426106 0.0187988 0.262329 0.972412 -27.4455 13.9477 21.5965 31.7826
-0.00213053 0.0138484 -0.00639159 0.013855 0.265381 0.967957 -26.9956 14.6976 22.0464 31.543
0.00106526 0.0106526 0 0.015625 0.263306 0.969788 -26.9956 13.4978 20.0967 31.4472
0.00213053 0.00639159 0.00106526 0.0137939 0.262329 0.96991 -28.6453 14.2477 22.7963 31.9264
-0.00319579 0.0181095 0.00426106 0.0131226 0.260315 0.971863 -26.9956 13.9477 23.5462 31.5909
-0.0138484 0.015979 0.00106526 0.0200195 0.265869 0.968567 -28.0454 13.3478 22.1964 31.7826
-0.00958738 0.00319579 -0.00426106 0.0151978 0.262024 0.971375 -28.0454 13.3478 22.1964 31.5909
-0.00532632 0.0191748 0 0.0139771 0.264221 0.971375 -28.0454 13.3478 22.1964 31.7347
0.0127832 0.00852212 -0.0138484 0.0181274 0.267334 0.965149 -27.4455 11.998 21.5965 31.5909
0 0 -0.00426106 0.0137939 0.260925 0.9729 -28.7953 15.1475 21.4465 31.6389
-0.00532632 0.0191748 0.0149137 0.0100708 0.264832 0.973694 -28.7953 15.1475 21.4465 31.7826
0.00106526 0.0170442 -0.0138484 0.0203247 0.263733 0.96875 -27.1456 14.0977 21.4465 31.7826
-0.00958738 0.00639159 0.00106526 0.0167236 0.263184 0.968079 -27.1456 15.8974 21.7465 31.7826
-0.00639159 0.0106526 0.0117179 0.0127563 0.263367 0.972595 -27.1456 15.8974 21.7465 31.7347
0.00958738 0.0170442 -0.00639159 0.0163574 0.263977 0.971313 -26.9956 12.7479 22.0464 31.7347
0 0.0138484 -0.00532632 0.0168457 0.26355 0.967957 -27.5955 14.3977 21.7465 31.7826
-0.00745685 0.00958738 -0.00319579 0.0144653 0.265198 0.969971 -27.5955 14.3977 21.7465 31.5909
-0.00852212 0.0191748 0.00319579 0.0143433 0.261719 0.970703 -26.3957 14.0977 21.4465 31.9264
-0.00639159 0.0191748 0 0.0206909 0.265015 0.968262 -28.0454 14.0977 21.4465 31.6389
-0.00106526 0.00532632 -0.0127832 0.0195312 0.262512 0.967529 -27.4455 14.9976 23.0962 31.9264
-0.00213053 0.0117179 -0.00106526 0.0118408 0.261292 0.970947 -26.5457 12.448 22.7963 31.7347
0.00958738 0.00639159 0.00106526 0.0152588 0.262634 0.97168 -27.1456 12.5979 21.4465 31.543
0.00106526 -0.00213053 -0.00852212 0.0180054 0.259949 0.968323 -27.1456 14.0977 20.9966 31.8306
-0.00639159 0.0213053 -0.00639159 0.0124512 0.263184 0.969238 -27.5955 13.6478 22.1964 31.7347
-0.00213053 0.02024 -0.00532632 0.0170898 0.263306 0.969116 -28.3454 14.8476 22.9463 31.543
-0.00426106 0.00745685 -0.00745685 0.0147095 0.264954 0.966187 -27.5955 14.0977 21.7465 31.6389
-0.00852212 0.0181095 0.00532632 0.0149536 0.261963 0.974487 -26.9956 14.9976 22.7963 31.4472
0.00213053 0.0127832 -0.00532632 0.0169067 0.264954 0.970459 -26.9956 14.9976 22.7963 31.8306
-0.00213053 0.0117179 -0.00852212 0.0184326 0.263062 0.971375 -27.5955 14.3977 22.1964 31.7347
-0.00852212 0.00958738 0.00106526 0.0142212 0.261658 0.970276 -28.3454 13.3478 22.4963 31.9264
-0.00745685 0.015979 0.00745685 0.0152588 0.262878 0.970947 -28.3454 13.3478 22.4963 31.4472
-0.00106526 0.0170442 0.00213053 0.0143433 0.266541 0.967773 -28.1954 14.2477 21.5965 31.4472
-0.0106526 0.00106526 -0.00319579 0.0171509 0.262146 0.96875 -28.6453 13.1979 23.5462 31.543
0.00106526 0.0149137 0.00532632 0.0153198 0.260803 0.972961 -28.6453 13.1979 23.5462 31.6389
0 0.0170442 -0.00532632 0.0167847 0.263977 0.96875 -27.1456 13.6478 22.1964 31.6389
0.00106526 0.00213053 -0.0138484 0.0192871 0.265076 0.969421 -28.3454 13.6478 20.6966 31.7347
-0.0138484 0.0170442 0.015979 0.0109253 0.263672 0.972656 -28.3454 13.6478 20.6966 31.3993
0.00213053 0.0191748 -0.00319579 0.0172119 0.266541 0.969238 -29.2452 13.3478 22.4963 31.7347
-0.00639159 0.00426106 -0.00852212 0.0152588 0.26355 0.97052 -27.1456 12.8979 21.7465 31.6389
-0.00639159 0.00745685 -0.00213053 0.0125732 0.265015 0.972717 -27.1456 12.8979 21.7465 31.7826
0.0106526 0.0106526 -0.0127832 0.0158691 0.262512 0.967468 -26.2457 12.7479 23.0962 31.7347
0.00213053 0.0106526 -0.00852212 0.013855 0.266541 0.97113 -27.4455 12.7479 22.0464 31.7347
-0.00958738 0.0138484 -0.00319579 0.0151367 0.264893 0.971924 -27.5955 14.0977 20.9966 31.7347
-0.00532632 0.015979 -0.00106526 0.0150146 0.264404 0.968506 -28.1954 14.2477 21.5965 31.7826
0.00106526 0.0181095 -0.00745685 0.0180664 0.265259 0.970459 -28.6453 13.4978 21.5965 31.5909
-0.00213053 0.00426106 -0.00213053 0.017334 0.264099 0.97113 -26.3957 14.8476 22.1964 31.7347
-0.00213053 0.0138484 0 0.0147095 0.261475 0.972412 -26.8456 14.0977 21.4465 31.4472
0.00213053 0.0213053 0 0.0158691 0.264771 0.971558 -27.7455 14.9976 22.3464 31.7826
-0.00852212 0.00319579 -0.0170442 0.0189209 0.263489 0.967651 -27.7455 14.9976 22.3464 31.543
-0.0127832 0.0149137 0.00745685 0.0132446 0.263184 0.972839 -28.1954 14.6976 21.2965 31.6389
-0.00106526 0.0149137 0.00319579 0.0149536 0.263245 0.969666 -28.3454 14.3977 22.1964 31.7826
-0.00426106 0.00426106 -0.00958738 0.0192261 0.265137 0.967529 -28.3454 14.3977 22.1964 31.4472
-0.00639159 0.00745685 -0.00106526 0.0142212 0.26416 0.972595 -28.0454 15.1475 22.4963 31.7826
0.00106526 0.0117179 -0.00106526 0.0183716 0.263489 0.973328 -28.1954 14.6976 22.3464 31.7826
-0.00639159 0.00639159 -0.00106526 0.0182495 0.262817 0.968994 -28.1954 14.6976 22.3464 31.7347
-0.0138484 0.00852212 -0.00106526 0.0169678 0.263489 0.97052 -26.9956 13.9477 22.7963 31.7826
-0.00106526 0.0149137 -0.00532632 0.0153198 0.263794 0.968933 -28.0454 14.3977 21.7465 31.543
-0.00426106 0.00852212 0.00639159 0.0148926 0.262512 0.968872 -28.0454 14.3977 21.7465 31.8306
0.00426106 0.00745685 0.00106526 0.0169678 0.266052 0.969177 -28.1954 13.1979 23.0962 31.8306
-0.00639159 0.0138484 -0.00532632 0.0159912 0.260132 0.969971 -26.5457 13.9477 22.3464 31.7826
-0.00106526 0.0213053 -0.00106526 0.0151978 0.262634 0.966248 -27.5955 15.1475 22.4963 31.7826
-0.00852212 0.00426106 -0.00958738 0.0187378 0.263977 0.968872 -26.2457 14.2477 23.5462 31.3034
-0.0181095 0.00745685 0.00532632 0.0128784 0.262756 0.971619 -27.7455 13.9477 22.7963 31.7347
0.00213053 0.0255663 -0.00426106 0.0154419 0.265869 0.967834 -27.4455 13.4978 21.5965 31.6389
0.00639159 0.0106526 -0.0117179 0.0185547 0.263245 0.967896 -26.5457 13.1979 21.2965 31.7826
-0.00852212 0.00745685 0.00426106 0.0160522 0.26123 0.973083 -28.1954 14.9976 21.5965 31.9743
-0.00213053 0.0245011 0.00958738 0.0159912 0.262573 0.970093 -28.1954 13.9477 23.0962 31.2555
-0.00639159 0.0149137 -0.00958738 0.0177612 0.265259 0.96582 -27.7455 11.998 22.3464 31.7826
-0.00426106 0.0170442 -0.00213053 0.0168457 0.265076 0.969055 -27.7455 11.998 22.3464 31.7826
-0.00426106 0.0127832 -0.00213053 0.0150146 0.265991 0.971924 -27.1456 13.6478 22.1964 31.6389
0.00426106 0.0117179 0.00106526 0.0167236 0.264282 0.970581 -26.9956 12.7479 23.0962 31.8306
0 0.00319579 -0.00213053 0.0184326 0.267273 0.970825 -26.9956 12.7479 23.0962 31.5909
0.00213053 0.0170442 -0.00852212 0.0133057 0.26062 0.969299 -26.9956 12.7479 23.0962 31.7826
-0.00213053 0.0181095 0.00426106 0.0131836 0.26355 0.969299 -28.3454 13.3478 20.9966 31.7826
-0.00852212 0.00319579 -0.00745685 0.0162354 0.265137 0.96759 -28.9453 13.4978 21.2965 31.4472
-0.00426106 0.00745685 0.00319579 0.0127563 0.263367 0.972717 -28.9453 13.4978 21.2965 31.7347
0 0.0213053 0 0.0128784 0.26239 0.970642 -27.4455 13.1979 22.0464 31.543
0.00213053 0.0106526 -0.00745685 0.0192871 0.264771 0.969971 -28.1954 14.2477 22.3464 31.543
-0.00958738 0.00639159 0.00106526 0.0159912 0.263123 0.97467 -28.1954 14.2477 22.3464 31.5909
-0.00639159 0.0287621 0.00745685 0.017334 0.263 0.97113 -27.4455 14.6976 21.5965 32.0702
0.00106526 0.00639159 -0.0106526 0.0189209 0.264893 0.968323 -26.5457 13.1979 22.3464 31.7347
-0.00745685 0.00426106 -0.00319579 0.0152588 0.263733 0.97345 -26.5457 13.1979 22.3464 31.4472
-0.00532632 0.0106526 0.00213053 0.0174561 0.264832 0.972595 -28.0454 12.148 20.9966 31.7826
0.00106526 0.0138484 -0.0149137 0.0153198 0.261902 0.967041 -27.5955 14.8476 22.9463 31.8306
-0.00745685 0.00213053 -0.00852212 0.0144043 0.262878 0.967224 -27.1456 12.148 22.4963 31.7826
-0.00532632 0.00745685 -0.00319579 0.0133057 0.263306 0.973145 -24.8959 12.448 20.8466 31.7347
-0.0117179 0.0255663 0.00852212 0.0137329 0.260132 0.968567 -28.3454 14.0977 20.9966 31.3993
-0.00213053 0.015979 -0.00639159 0.0195312 0.263733 0.965393 -26.8456 13.3478 22.1964 31.9264
-0.00106526 -0.00106526 -0.00852212 0.013916 0.260925 0.975037 -27.5955 13.6478 20.9966 31.7826
0.00106526 0.015979 0.00106526 0.0170288 0.262878 0.977478 -27.5955 13.6478 20.9966 31.7826
0.0106526 0.00532632 -0.0127832 0.0198364 0.262695 0.966919 -28.3454 12.5979 20.9966 31.5909
-0.0138484 0.00319579 -0.00852212 0.0136108 0.263611 0.968018 -27.1456 13.3478 22.1964 31.5909
-0.00958738 0.02024 0.00532632 0.0126343 0.263611 0.970947 -27.1456 13.3478 22.1964 31.5909
-0.00532632 0.0181095 0 0.0151367 0.266541 0.970459 -28.0454 13.3478 23.6961 31.7826
-0.00106526 0.0127832 0 0.0183105 0.261658 0.972351 -28.0454 13.6478 23.2462 31.7347
0.00106526 0.0149137 -0.00106526 0.0153809 0.262634 0.973694 -28.0454 13.6478 23.2462 31.5909
0.0127832 0.00426106 -0.0149137 0.0167847 0.265137 0.970642 -27.4455 14.6976 21.5965 31.5909
-0.00319579 0.00532632 -0.00426106 0.0169067 0.263367 0.970398 -27.7455 13.1979 20.5467 31.7347
-0.0117179 0.0106526 0 0.0143433 0.262878 0.971375 -27.7455 13.1979 20.5467 31.7347
-0.00532632 0.0255663 0.00319579 0.0136108 0.261475 0.970459 -27.5955 12.5979 21.4465 31.7347
-0.00852212 0.0213053 0 0.0158691 0.263855 0.967163 -27.4455 13.4978 21.2965 31.7826
-0.00958738 0.00319579 -0.00213053 0.0183105 0.265198 0.9729 -27.4455 13.4978 21.2965 31.4472
-0.00106526 0.015979 0.00745685 0.0158081 0.262268 0.973694 -28.3454 13.3478 20.9966 31.8306
0.00319579 0.0117179 -0.00745685 0.0179443 0.263977 0.966003 -28.1954 13.1979 21.5965 31.7826
-0.00426106 0 -0.0181095 0.0179443 0.262268 0.968018 -28.1954 13.1979 21.5965 31.7826
-0.00852212 0.015979 0.00213053 0.0106812 0.262085 0.974121 -28.0454 11.5481 21.7465 31.8306
0.00532632 0.0170442 0.00213053 0.0132446 0.26709 0.970032 -28.0454 14.3977 22.1964 31.5909
-0.00852212 0.00532632 -0.00426106 0.0151367 0.262634 0.969238 -27.5955 14.0977 21.7465 31.7347
-0.00532632 0.00852212 0.00426106 0.0175171 0.263245 0.974182 -26.5457 13.4978 21.5965 31.8306
0.00745685 0.00745685 -0.00958738 0.0153809 0.263 0.96814 -27.7455 14.6976 22.7963 31.7826
-0.00639159 0.00852212 -0.00639159 0.0151367 0.266724 0.965942 -27.7455 14.6976 22.7963 31.543
-0.00532632 0.00958738 -0.00852212 0.0146484 0.265564 0.967346 -27.4455 14.2477 21.5965 31.5909
-0.00213053 0.0287621 0.00213053 0.0148315 0.262939 0.971436 -28.0454 14.3977 22.1964 31.6389
-0.00532632 0.015979 0.00426106 0.015686 0.266663 0.968628 -28.0454 14.3977 22.1964 31.9743
-0.00319579 0.00319579 0.00319579 0.0179443 0.265259 0.971008 -27.5955 14.8476 22.1964 31.6389
-0.00639159 0.0245011 0.0117179 0.0142212 0.265076 0.969238 -28.0454 14.0977 21.7465 31.7826
0 0.0117179 -0.00958738 0.0175781 0.265991 0.966919 -28.0454 14.0977 21.7465 31.7826
-0.0106526 0 -0.0138484 0.0172729 0.26532 0.970825 -27.4455 13.1979 21.5965 31.7826
-0.00639159 0.0149137 0.0106526 0.0130615 0.259827 0.97406 -27.5955 14.3977 21.4465 31.8306
0.00532632 0.02024 -0.00426106 0.0139771 0.26178 0.967529 -27.5955 14.3977 21.4465 31.8306
0.00213053 0.00532632 -0.0106526 0.0143433 0.264771 0.967346 -27.4455 12.7479 22.3464 31.7826
-0.00745685 0.0149137 0.00639159 0.0119629 0.263 0.972351 -26.9956 14.2477 23.8461 31.5909
-0.00213053 0.02024 0.00639159 0.0134888 0.265198 0.971985 -26.9956 14.2477 23.8461 31.7826
-0.00639159 0.0191748 -0.00639159 0.0194702 0.263 0.967407 -28.3454 13.3478 21.4465 31.543
-0.00852212 0 -0.0127832 0.0202026 0.26178 0.96991 -28.1954 13.1979 22.3464 31.8306
0.00745685 0.00958738 -0.00532632 0.0117188 0.262024 0.973328 -26.3957 14.0977 21.4465 31.6389
0.00639159 0.0127832 0.00532632 0.0145874 0.261353 0.973694 -26.9956 15.7474 21.2965 31.4472
-0.00745685 0.00852212 -0.00213053 0.0158081 0.264282 0.966309 -25.7958 14.9976 20.0967 31.8306
-0.00958738 0.0181095 0.00745685 0.0125122 0.261475 0.971375 -29.2452 15.1475 21.4465 31.543
-0.0106526 0.0213053 0.00745685 0.0175171 0.266724 0.970459 -27.4455 12.448 23.0962 31.543
-0.00532632 0 -0.00319579 0.019043 0.267029 0.968994 -27.4455 12.448 23.0962 31.8306
-0.00213053 0.0117179 -0.00319579 0.0152588 0.263428 0.970947 -26.3957 12.5979 22.1964 31.7347
0.0106526 0.0170442 -0.00532632 0.0165405 0.266052 0.96991 -25.9458 13.6478 22.9463 31.6389
0 -0.00106526 -0.0127832 0.0180664 0.262573 0.969849 -25.9458 13.6478 22.9463 31.6389
-0.0117179 0.0149137 0.00958738 0.0133057 0.263733 0.973816 -27.7455 12.448 22.3464 31.6389
-0.00106526 0.02024 -0.00213053 0.0150757 0.260254 0.967896 -27.5955 14.3977 20.9966 31.7347
-0.00532632 0.0170442 -0.00958738 0.0146484 0.263733 0.965515 -27.5955 14.3977 20.9966 31.4472
-0.00639159 0.0117179 0.00426106 0.0164795 0.263733 0.97229 -27.5955 14.3977 20.9966 31.5909
-0.00426106 0.0127832 0.00426106 0.0177612 0.26239 0.971436 -27.4455 14.6976 20.8466 31.6389
0.00958738 0.0106526 -0.00639159 0.0169067 0.261902 0.968323 -27.4455 14.2477 22.3464 31.8306
-0.00852212 0.00532632 -0.0138484 0.0149536 0.263062 0.965759 -27.4455 14.2477 22.3464 31.7826
-0.00958738 0.015979 0.00106526 0.0133667 0.260986 0.972473 -28.3454 14.0977 21.7465 31.543
-0.0106526 0.02024 0.00852212 0.0148315 0.266174 0.969971 -26.5457 15.4475 22.7963 31.6389
-0.00426106 0.00532632 -0.00745685 0.0192261 0.264099 0.965454 -28.3454 13.6478 22.4963 31.5909
-0.00319579 0.0138484 -0.00532632 0.015564 0.262634 0.971436 -28.3454 14.0977 21.4465 31.7347
0.00745685 0.0181095 0.00319579 0.0144043 0.262573 0.974731 -27.4455 14.2477 22.0464 31.6389
-0.00213053 0.00106526 -0.0149137 0.0203247 0.265015 0.968628 -28.7953 13.3478 20.6966 31.4472
-0.0117179 0.0127832 0 0.0150146 0.262756 0.973083 -27.4455 14.9976 22.7963 31.6389
-0.00745685 0.0213053 0.00426106 0.0130615 0.263306 0.970093 -27.1456 14.0977 22.4963 31.9264
-0.00106526 0.0117179 -0.00958738 0.017395 0.265015 0.969543 -28.1954 13.9477 22.0464 31.7347
-0.00639159 0.00426106 0.00426106 0.0133057 0.262085 0.969788 -26.8456 14.0977 21.7465 31.6389
0.00426106 0.0106526 -0.00852212 0.0166626 0.263977 0.970886 -26.8456 14.0977 21.7465 31.4472
0.00852212 0.0127832 -0.00532632 0.0165405 0.261475 0.971191 -28.7953 13.6478 21.4465 31.7826
-0.00532632 0.00426106 -0.00319579 0.0180664 0.266052 0.969666 -28.6453 13.1979 22.7963 31.7826
-0.00319579 0.00852212 0.00106526 0.012085 0.264404 0.96875 -28.6453 13.1979 22.7963 31.7347
-0.00745685 0.0245011 0.00532632 0.0135498 0.264648 0.970398 -27.7455 14.2477 22.0464 31.6389
0.00319579 0.0138484 -0.0106526 0.015625 0.262817 0.966187 -26.8456 14.3977 20.6966 31.543
-0.00958738 0.0106526 0.00639159 0.0154419 0.260986 0.975342 -26.8456 14.3977 20.6966 31.6389
-0.00639159 0.0255663 0.00639159 0.0167847 0.264099 0.97168 -28.1954 13.1979 20.8466 31.5909
-0.00958738 0.00106526 -0.0138484 0.0217285 0.265076 0.966797 -27.7455 13.9477 20.8466 31.8306
-0.00319579 0.0117179 -0.0127832 0.0166626 0.261841 0.972595 -27.7455 13.9477 20.8466 31.9743
-0.00319579 0.0255663 -0.00319579 0.0136108 0.262878 0.972351 -26.8456 15.1475 22.4963 31.5909
0.00213053 0.015979 -0.00852212 0.0166016 0.262756 0.970093 -28.1954 14.6976 22.0464 31.543
-0.00426106 0 0.00106526 0.0143433 0.263123 0.969421 -28.1954 12.7479 21.2965 31.7826
-0.00532632 0.0170442 0 0.0130005 0.262146 0.972534 -28.7953 13.6478 22.4963 31.6389
-0.00639159 0.0106526 0.00213053 0.017395 0.262146 0.971558 -27.5955 12.8979 21.4465 31.7826
-0.015979 0.00852212 -0.00532632 0.0186768 0.264404 0.970581 -27.5955 14.0977 22.1964 31.5909
-0.0127832 0.00745685 -0.00852212 0.0162354 0.263428 0.970825 -27.1456 13.3478 19.4968 31.4472
0.00426106 0.0255663 0.00639159 0.0135498 0.260925 0.97052 -28.0454 13.3478 21.7465 31.6389
0.00745685 0.00852212 -0.00745685 0.0164185 0.266052 0.965088 -28.0454 13.3478 21.7465 31.7826
0.00426106 -0.00319579 -0.00639159 0.0130615 0.263245 0.968018 -27.7455 11.998 22.0464 31.7347
-0.00213053 0.02024 0.00639159 0.0140381 0.261597 0.970276 -26.5457 14.6976 22.0464 31.4472
-0.00319579 0.0149137 -0.00745685 0.0161743 0.265503 0.963501 -26.5457 14.6976 22.0464 31.6389
-0.0149137 0.00639159 -0.00213053 0.0147705 0.263733 0.97052 -26.3957 14.3977 21.7465 31.7826
0 0.0191748 0.00852212 0.0158691 0.262451 0.972046 -28.6453 14.6976 22.3464 31.7347
0.00532632 0.0127832 -0.0170442 0.0179443 0.265381 0.967712 -28.6453 14.6976 22.3464 31.8306
0.00106526 -0.00426106 -0.00852212 0.0183716 0.262146 0.97052 -27.7455 14.2477 20.5467 31.4472
-0.00426106 0.00532632 -0.00106526 0.0126343 0.262817 0.974365 -26.9956 14.9976 22.7963 31.7347
-0.00958738 0.0213053 0.00106526 0.0125732 0.261597 0.970032 -26.9956 14.9976 22.7963 31.9264
-0.00426106 0.0138484 0.00106526 0.0167847 0.265442 0.966675 -28.1954 13.9477 22.0464 31.543
-0.00213053 0.00319579 -0.00639159 0.0144043 0.265015 0.971375 -25.9458 13.3478 20.6966 31.7347
0.00106526 0.0127832 0.00213053 0.0142212 0.26355 0.97467 -25.9458 13.3478 20.6966 31.7826
0.00745685 0.00745685 -0.00426106 0.0176392 0.26593 0.968933 -28.0454 13.6478 20.9966 31.7826
-0.00319579 -0.00106526 -0.00639159 0.0150146 0.262329 0.968018 -27.4455 13.4978 22.0464 31.7347
-0.0106526 0.02024 0.00213053 0.0136108 0.262024 0.971558 -28.3454 13.3478 22.9463 31.6389
0.00213053 0.0170442 -0.00319579 0.0171509 0.266541 0.969055 -28.3454 13.3478 21.4465 31.7826
-0.00852212 0.00852212 0 0.0144653 0.264771 0.967834 -28.1954 14.6976 21.5965 31.543
-0.00319579 0.0149137 0.00426106 0.0136719 0.261963 0.971436 -28.0454 13.6478 22.1964 31.5909
0.00426106 0.0149137 0.00106526 0.0195312 0.265686 0.970215 -28.0454 14.3977 21.7465 31.6389
-0.00426106 0.00426106 -0.00426106 0.0235596 0.264099 0.97345 -28.1954 13.9477 20.5467 31.6389
-0.00106526 0.00852212 -0.00213053 0.0162354 0.264343 0.974243 -28.1954 14.2477 22.7963 31.9264
-0.00106526 0.015979 -0.0181095 0.0132446 0.26355 0.968262 -28.0454 14.0977 22.4963 31.5909
0 0.0149137 -0.00639159 0.0140381 0.264343 0.965088 -28.0454 14.0977 22.4963 31.8306
-0.00639159 0.00639159 0.00532632 0.0140381 0.262878 0.967712 -27.4455 13.1979 21.2965 31.7347
-0.0106526 0.0223706 0.0138484 0.0119629 0.263 0.974854 -27.5955 14.0977 20.6966 31.7826
0 0.0106526 -0.00213053 0.0193481 0.265137 0.96991 -27.5955 14.0977 20.6966 31.7826
-0.00426106 -0.00106526 -0.0138484 0.0219116 0.264526 0.970459 -26.9956 12.7479 21.5965 31.543
-0.0106526 0.0127832 0.00639159 0.012207 0.26178 0.97345 -27.5955 13.3478 21.7465 31.4472
0 0.015979 -0.00426106 0.0172729 0.262573 0.96936 -27.5955 13.3478 21.7465 31.7347
-0.00532632 -0.00319579 -0.00745685 0.0175171 0.263367 0.969238 -28.6453 13.4978 23.0962 31.8306
-0.00106526 0.0149137 0.00745685 0.012146 0.26001 0.974121 -28.1954 13.4978 20.5467 31.7347
0.00319579 0.0117179 -0.00106526 0.017334 0.263855 0.974304 -28.1954 13.4978 20.5467 31.543
0.00213053 0.00532632 -0.00426106 0.0181885 0.264343 0.966064 -28.1954 13.4978 20.5467 31.7347
-0.00958738 0.0106526 0.00426106 0.0142822 0.268066 0.970398 -28.3454 14.0977 22.1964 31.5909
0.00213053 0.0181095 -0.0117179 0.0168457 0.263062 0.969238 -27.7455 14.2477 22.0464 31.7826
-0.00319579 0.0127832 -0.00532632 0.0178833 0.26593 0.968323 -27.4455 13.4978 22.0464 31.7826
-0.00213053 -0.00319579 -0.00745685 0.0143433 0.263123 0.970642 -28.0454 13.6478 22.4963 31.543
-0.00106526 0.0117179 0.00106526 0.0117188 0.261597 0.971497 -28.0454 14.8476 21.4465 31.543
0.00532632 0.0127832 0.00106526 0.019043 0.260742 0.968445 -27.1456 13.6478 22.1964 31.7347
-0.00639159 0.00532632 0 0.0189819 0.263977 0.969299 -27.5955 13.3478 22.4963 31.7826
-0.0138484 0.0138484 0.00852212 0.0152588 0.264771 0.97821 -27.1456 12.8979 21.7465 31.6389
-0.00532632 0.0234358 -0.00426106 0.0171509 0.266968 0.969055 -27.1456 14.0977 22.4963 31.7347
-0.00532632 0 -0.02024 0.019043 0.263733 0.965027 -26.8456 12.8979 21.4465 31.7826
-0.00745685 0.00639159 0.00319579 0.0161133 0.25946 0.973633 -26.8456 12.8979 21.4465 31.8306
-0.00426106 0.0117179 -0.00213053 0.0161133 0.263062 0.967957 -28.1954 12.7479 23.0962 31.7347
-0.00958738 0.00745685 -0.00745685 0.0189209 0.263733 0.966675 -27.7455 14.9976 23.0962 31.8306
-0.0170442 0.02024 0.00426106 0.0126343 0.261475 0.97345 -27.7455 14.9976 23.0962 31.4472
-0.00639159 0.02024 0.00106526 0.017395 0.260437 0.969971 -28.3454 14.0977 24.1461 31.6389
0.00213053 0.00639159 0.00852212 0.017395 0.26416 0.969055 -29.5452 12.8979 23.2462 31.7347
-0.00106526 0.00319579 -0.00639159 0.0175781 0.264404 0.971313 -29.5452 12.8979 23.2462 31.6389
-0.00106526 0.0127832 -0.00319579 0.0137939 0.262878 0.971497 -29.3952 13.4978 23.0962 31.9264
0.00213053 0.0170442 0.00426106 0.0184326 0.263428 0.971375 -27.7455 14.2477 22.3464 31.543
-0.00745685 0.00106526 -0.00319579 0.0161743 0.26709 0.972839 -27.7455 14.2477 22.3464 31.9264
-0.0127832 0.0138484 -0.00106526 0.0110474 0.264404 0.971985 -28.6453 13.9477 21.2965 31.8306
-0.00426106 0.0213053 0.00213053 0.015564 0.265259 0.970581 -26.3957 15.1475 22.1964 31.7826
0.00532632 -0.00106526 -0.0127832 0.0192261 0.266785 0.968933 -28.6453 13.1979 21.5965 31.7347
-0.0106526 0.0117179 0.00319579 0.0141602 0.26062 0.974487 -26.9956 14.6976 22.0464 31.4472
-0.00213053 0.0106526 -0.00852212 0.0153809 0.264648 0.970093 -27.4455 13.9477 22.3464 31.6389
-0.00426106 0.0127832 -0.0181095 0.0177612 0.260803 0.966003 -27.4455 14.6976 21.5965 31.543
-0.00958738 0.02024 0.00745685 0.0125122 0.26239 0.969238 -27.5955 15.1475 21.4465 31.9264
-0.00532632 0.0191748 0.00532632 0.0160522 0.262146 0.96991 -27.5955 15.1475 21.4465 31.7826
-0.00213053 0.0191748 -0.00213053 0.0195312 0.265381 0.96698 -27.5955 13.3478 21.7465 31.4472
-0.00319579 0.00426106 -0.00532632 0.0196533 0.262634 0.972839 -27.5955 13.3478 19.9468 31.7347
-0.00319579 0.0106526 -0.00213053 0.0175781 0.264465 0.972839 -27.5955 13.3478 19.9468 31.6389
-0.00213053 0.0149137 -0.00213053 0.0172119 0.264404 0.972412 -27.5955 13.3478 19.9468 31.543
-0.00745685 0.0127832 -0.00639159 0.015625 0.264404 0.96759 -28.6453 13.4978 22.7963 31.7347
-0.0149137 0.00532632 -0.00532632 0.0152588 0.263611 0.970825 -27.4455 13.4978 20.5467 31.7347
0.02024 0.00852212 -0.00106526 0.0146484 0.262634 0.973267 -27.4455 13.4978 20.5467 31.7826
0.015979 -0.0234358 0.00852212 0.0187378 0.267395 0.972595 -27.5955 12.8979 23.2462 31.9264
0.0127832 -0.0266316 -0.00532632 0.0126343 0.262695 0.974365 -28.7953 13.3478 22.9463 31.8306
0.00319579 0.00213053 -0.0106526 0.0162354 0.262695 0.971985 -28.7953 13.3478 22.9463 31.8306
0.00852212 -0.00852212 -0.00106526 0.0205078 0.262512 0.973206 -27.4455 13.1979 21.5965 31.6389
-0.00319579 0.00213053 -0.00745685 0.0134277 0.265381 0.970886 -27.4455 14.6976 23.5462 31.7347
0 0.0213053 -0.00532632 0.0152588 0.264038 0.97345 -27.4455 14.6976 23.5462 31.7347
-0.00958738 0.0181095 -0.00213053 0.0162354 0.263062 0.966248 -27.7455 12.448 21.5965 31.8306
-0.0127832 0.015979 -0.00745685 0.0164185 0.262512 0.967712 -27.4455 13.4978 21.5965 31.7826
-0.0127832 0.0234358 0.00745685 0.0133667 0.261597 0.970154 -26.5457 13.9477 21.5965 31.3034
-0.00852212 0.0266316 0.00106526 0.015564 0.263306 0.968445 -27.1456 14.8476 22.4963 31.9743
-0.0138484 0.0266316 -0.00639159 0.0170898 0.264343 0.964172 -26.9956 13.1979 21.2965 31.6389
0.00213053 0.00958738 0 0.013916 0.261108 0.971497 -27.5955 13.3478 21.7465 31.7347
-0.00745685 0.0287621 0.015979 0.0133057 0.264893 0.972229 -27.1456 12.8979 22.1964 31.8306
0.00319579 0 -0.0106526 0.0192261 0.265259 0.967529 -27.1456 12.8979 22.1964 31.6389
-0.00958738 0.0117179 -0.0106526 0.0151978 0.26416 0.969299 -26.5457 13.9477 22.3464 31.7826
-0.00852212 0.0213053 0.0117179 0.0134888 0.261963 0.972351 -27.1456 13.6478 24.1461 31.6389
-0.00958738 0.00958738 -0.00958738 0.0181274 0.265442 0.967896 -27.1456 13.6478 24.1461 31.5909
-0.0117179 0 -0.00319579 0.0179443 0.262573 0.968994 -26.8456 12.8979 22.4963 31.7347
0.00319579 0.0170442 -0.00532632 0.0118408 0.259521 0.973145 -28.3454 14.0977 20.9966 31.7826
0.00319579 0.0106526 -0.00532632 0.0180054 0.26123 0.97113 -28.3454 14.0977 20.9966 31.9264
-0.00106526 0.00319579 0.00639159 0.0149536 0.265869 0.970886 -27.4455 13.4978 22.0464 31.8306
-0.00639159 0.015979 -0.00319579 0.0136108 0.261902 0.971069 -28.3454 13.6478 21.4465 31.7347
-0.00639159 0.0245011 -0.00426106 0.0169067 0.264404 0.968628 -28.3454 13.6478 21.4465 31.5909
0.00106526 0.0138484 -0.00213053 0.0214844 0.26593 0.969116 -26.2457 14.2477 22.0464 31.4472
0.00213053 0 -0.00532632 0.0170898 0.261475 0.971558 -27.5955 13.6478 20.6966 31.7347
0.00106526 0.0191748 0 0.0163574 0.263794 0.972046 -27.4455 14.6976 21.5965 31.7347
0 0.0106526 -0.0138484 0.0192261 0.264038 0.965698 -26.2457 13.4978 21.2965 31.7347
-0.0106526 0.00958738 -0.00106526 0.015564 0.263306 0.970398 -27.1456 14.3977 21.4465 31.7826
-0.00745685 0.0213053 0.0127832 0.0111694 0.264221 0.971619 -27.1456 14.3977 21.4465 31.3993
0 0.0127832 -0.00532632 0.019043 0.263611 0.962585 -28.0454 12.8979 21.4465 31.7826
-0.00106526 0.00213053 -0.00426106 0.0143433 0.262817 0.970215 -27.7455 14.6976 22.0464 31.7826
-0.00106526 0.0106526 0.00852212 0.0148926 0.261414 0.973999 -25.9458 13.3478 20.6966 31.7347
0.00958738 0.00852212 -0.00319579 0.0181885 0.264038 0.969666 -26.3957 14.3977 20.6966 31.7826
-0.0106526 0.0106526 -0.00426106 0.0195923 0.26709 0.969421 -27.7455 14.2477 20.8466 31.6389
-0.00745685 0.0117179 -0.00106526 0.0151978 0.265869 0.969543 -27.7455 14.2477 20.8466 31.543
-0.00852212 0.0181095 0 0.0161133 0.260925 0.967712 -28.0454 14.3977 22.9463 31.7347
-0.00213053 0.0127832 0.00426106 0.0175171 0.264893 0.97052 -28.3454 14.3977 22.4963 31.7826
-0.00319579 -0.00426106 -0.00745685 0.0170898 0.261169 0.972778 -28.3454 14.3977 22.4963 31.7347
0.00213053 0.015979 -0.00106526 0.015564 0.261108 0.972046 -26.8456 14.0977 21.7465 31.6389
0 0.0117179 0.00106526 0.0176392 0.262207 0.969482 -26.2457 13.4978 20.8466 31.7826
-0.0117179 0.00958738 0.00106526 0.015564 0.26532 0.969055 -26.2457 13.4978 20.8466 31.7826
-0.00852212 0.0234358 0.0106526 0.0146484 0.263489 0.971069 -28.0454 14.8476 22.1964 31.9264
0 0.0138484 -0.00639159 0.0164795 0.26532 0.964417 -28.6453 13.9477 21.2965 31.7347
0 0.00639159 -0.00426106 0.0186768 0.26178 0.971375 -28.6453 13.9477 21.2965 31.4472
-0.00532632 0.00532632 0.00319579 0.0150757 0.264099 0.976196 -26.9956 14.2477 20.8466 31.7826
0.00745685 0.0149137 -0.00745685 0.0179443 0.261353 0.968262 -27.4455 13.9477 22.0464 31.8306
-0.00106526 0.00639159 -0.00745685 0.0170898 0.266296 0.967285 -27.4455 13.9477 23.5462 31.7826
-0.00958738 0.0117179 0.00319579 0.013855 0.263977 0.974121 -28.3454 12.5979 22.1964 31.6389
-0.00532632 0.0138484 0.00532632 0.0152588 0.267334 0.973145 -28.9453 14.2477 22.7963 31.543
0.0117179 0.0117179 -0.0117179 0.015686 0.26593 0.968567 -26.8456 14.3977 21.7465 31.9264
-0.00319579 0 -0.00852212 0.0202026 0.263489 0.969238 -27.1456 12.8979 22.4963 31.9743
-0.00106526 0.02024 0.00426106 0.0153198 0.263977 0.97345 -28.0454 13.6478 22.4963 31.8306
-0.00319579 0.0266316 0.00852212 0.0154419 0.262512 0.971924 -28.7953 13.6478 22.4963 31.7826
-0.00852212 0.00852212 -0.00852212 0.015686 0.265015 0.965759 -26.9956 13.1979 22.3464 31.3034
-0.00745685 0.015979 0.00426106 0.0140991 0.262146 0.97052 -26.9956 13.1979 22.3464 31.7826
0.00532632 0.0138484 -0.00958738 0.0183105 0.264465 0.969116 -26.8456 14.3977 22.1964 31.7347
0.00319579 0.00426106 -0.00745685 0.0164185 0.263733 0.969666 -28.6453 13.4978 20.8466 31.7347
-0.00852212 0.0117179 0.00532632 0.0133667 0.258484 0.972534 -28.6453 13.4978 20.8466 31.7826
-0.00106526 0.0191748 0 0.0177612 0.265259 0.965027 -27.7455 12.7479 21.5965 31.7347
-0.00639159 0.00852212 -0.00745685 0.0171509 0.26416 0.967957 -27.5955 14.3977 22.1964 31.6389
-0.00532632 0.015979 0.00426106 0.0158691 0.267029 0.973694 -27.5955 14.3977 22.1964 31.7826
-0.00106526 0.0181095 0.00106526 0.0148926 0.263977 0.970764 -27.5955 14.3977 22.1964 31.7347
-0.00319579 0.0117179 -0.00958738 0.0192871 0.264404 0.966125 -29.2452 12.148 22.4963 31.543
-0.00745685 0.00426106 0.00213053 0.0177002 0.264038 0.968811 -28.7953 14.0977 22.1964 31.4472
-0.00426106 0.0181095 0.00426106 0.0141602 0.261658 0.975159 -28.7953 14.0977 22.1964 31.5909
0 0.0223706 -0.0149137 0.0168457 0.263306 0.967834 -28.3454 13.6478 20.9966 31.9743
-0.00213053 -0.00106526 -0.00958738 0.0151367 0.262268 0.971191 -26.9956 13.4978 21.5965 31.9264
-0.00639159 0.00639159 0.00852212 0.0126343 0.265015 0.974365 -28.1954 13.4978 22.3464 31.543
0.0149137 0.00958738 -0.00319579 0.0162354 0.261963 0.971191 -28.3454 14.0977 22.1964 31.6389
0.00639159 -0.00532632 -0.00958738 0.0178223 0.262878 0.969482 -27.7455 13.1979 22.0464 31.6389
0.00106526 0.0106526 -0.00426106 0.0131836 0.26062 0.973816 -27.5955 13.6478 20.9966 31.7826
-0.00426106 0.0255663 -0.00426106 0.0159302 0.260986 0.970398 -26.9956 13.9477 22.0464 31.7347
-0.00319579 0.00532632 -0.00426106 0.0158081 0.262939 0.969421 -26.9956 13.9477 22.0464 31.9743
-0.00532632 0.015979 0.00532632 0.0134888 0.261536 0.970154 -28.7953 14.3977 21.4465 31.5909
-0.00319579 0.0181095 -0.00213053 0.0153809 0.262268 0.971802 -27.7455 14.2477 21.5965 31.6389
-0.00319579 0.02024 0.00426106 0.0189819 0.26178 0.970703 -27.7455 14.2477 21.5965 31.7347
0 0.00852212 0 0.0169678 0.265381 0.971069 -27.7455 12.448 22.3464 31.9264
-0.00958738 0.0191748 -0.00532632 0.0150146 0.263855 0.969604 -28.0454 14.3977 22.1964 31.8306
-0.00958738 0.0213053 -0.00319579 0.0183716 0.260925 0.969482 -28.0454 14.3977 22.1964 31.7347
0 0.00319579 -0.0127832 0.0169678 0.262878 0.96814 -27.5955 12.8979 20.9966 31.8306
0.00319579 0.00958738 0 0.0133667 0.26239 0.969788 -26.2457 15.4475 20.8466 31.8306
0 0.0234358 0.00213053 0.0143433 0.263733 0.969116 -26.2457 15.4475 20.8466 31.7826
-0.00319579 0.00319579 -0.0106526 0.0192261 0.265686 0.964172 -27.4455 13.9477 23.0962 31.6389
-0.0138484 0.0138484 -0.00106526 0.0120239 0.264648 0.971985 -28.0454 13.6478 22.4963 31.543
0.00319579 0.0117179 -0.00106526 0.0202026 0.267151 0.968689 -28.0454 13.6478 22.4963 31.543
0.00426106 0.0170442 -0.0117179 0.0209351 0.268555 0.964783 -27.7455 14.6976 22.3464 31.7826
-0.015979 0.0127832 -0.00426106 0.019043 0.262634 0.972168 -26.8456 15.1475 22.1964 31.5909
-0.00213053 0.0191748 0.00426106 0.0120239 0.264221 0.973572 -27.7455 13.4978 22.0464 31.7347
-0.00532632 0.0127832 -0.00106526 0.0170288 0.264893 0.970459 -28.1954 13.1979 21.5965 31.7347
-0.00106526 0.0170442 -0.00745685 0.0181274 0.26239 0.968933 -26.5457 14.2477 22.3464 31.7347
-0.015979 0.0213053 -0.00106526 0.0189209 0.262024 0.967773 -27.7455 12.448 21.5965 31.8306
-0.00532632 0.0213053 -0.00213053 0.0148315 0.262878 0.970581 -28.0454 11.8481 22.4963 31.9264
-0.0117179 0.00426106 0.00426106 0.0172119 0.264282 0.969971 -28.0454 11.8481 22.4963 31.8306
0.00745685 0.0117179 0.00426106 0.0159912 0.259705 0.97467 -28.0454 11.8481 22.4963 31.4472
-0.00319579 0.02024 0.00106526 0.0123291 0.263123 0.965637 -27.4455 14.9976 20.0967 31.7826
-0.00319579 0.00532632 -0.00639159 0.0162354 0.263306 0.968445 -28.7953 15.1475 21.4465 31.9264
-0.0191748 0.0117179 0.00852212 0.0108032 0.263611 0.971191 -28.7953 15.1475 21.4465 31.7347
0.00426106 0.015979 0.00213053 0.0148315 0.263184 0.968933 -27.7455 12.7479 21.2965 31.4472
-0.00532632 0.0138484 -0.0117179 0.0177612 0.263428 0.965332 -27.7455 12.7479 21.2965 31.4472
-0.00958738 0.0106526 0.00426106 0.017334 0.263794 0.971741 -27.7455 12.7479 21.2965 31.8306
0.00106526 0.0234358 -0.00106526 0.0142212 0.260498 0.971924 -28.0454 14.3977 20.2467 31.7826
0.00426106 0.0106526 -0.00532632 0.0172119 0.262329 0.966248 -28.0454 14.3977 20.2467 31.7826
-0.00106526 0.00852212 -0.0138484 0.0197144 0.263733 0.967834 -28.0454 14.3977 20.2467 31.7826
-0.00426106 0.0213053 0.00319579 0.0125122 0.262268 0.970581 -27.1456 13.3478 22.1964 31.6389
-0.00213053 0.02024 0.00639159 0.013855 0.264038 0.970642 -27.7455 14.9976 20.5467 31.7347
-0.00319579 0.00745685 0 0.0178833 0.265991 0.96637 -26.9956 12.448 22.0464 31.7826
0 0.00532632 -0.00426106 0.0175781 0.260681 0.971008 -28.0454 14.8476 21.7465 31.7826
-0.00213053 0.0213053 0.00639159 0.0142212 0.260986 0.972229 -26.8456 14.8476 22.4963 31.7347
-0.00745685 0.00745685 -0.0117179 0.0170288 0.262939 0.966919 -27.4455 13.9477 22.7963 31.5909
-0.0106526 0.015979 -0.00213053 0.0180054 0.264343 0.972107 -27.7455 13.1979 22.0464 31.6389
-0.00106526 0.0276969 -0.00639159 0.0131226 0.261719 0.971436 -28.1954 13.9477 23.0962 31.5909
0.00319579 0.00745685 -0.00532632 0.0187378 0.265076 0.968811 -27.7455 13.9477 23.0962 31.6389
-0.00426106 0.00319579 -0.00106526 0.015625 0.260803 0.973267 -27.7455 14.9976 21.5965 31.6389
-0.0117179 0.02024 0.00213053 0.0159912 0.26062 0.970032 -27.7455 14.9976 21.5965 31.4472
-0.00532632 0.02024 -0.00639159 0.0154419 0.264771 0.967407 -28.3454 12.5979 22.4963 31.8306
-0.0170442 0.0149137 -0.00319579 0.0209961 0.264038 0.972717 -26.9956 14.2477 21.5965 31.7826
0.00213053 0.00106526 -0.00639159 0.0151978 0.261597 0.972046 -26.9956 14.2477 21.5965 31.8306
-0.00106526 0.0170442 -0.00852212 0.0163574 0.263794 0.971008 -28.3454 15.1475 22.1964 31.6389
0.00532632 0.00958738 -0.00426106 0.0172729 0.262024 0.971313 -28.1954 12.448 22.3464 31.4472
-0.00639159 0.0181095 0.0138484 0.015686 0.264099 0.971863 -28.1954 12.448 22.3464 31.543
-0.00639159 0.0245011 0.0170442 0.0151367 0.262024 0.97406 -28.9453 14.9976 23.0962 31.9264
-0.00319579 0.0149137 -0.0106526 0.0202026 0.26825 0.965637 -28.3454 13.3478 21.4465 31.5909
-0.00958738 0.00852212 -0.0117179 0.0170288 0.26532 0.968567 -28.3454 13.3478 21.4465 31.7347
-0.00426106 0.0170442 -0.00319579 0.0148315 0.261963 0.970886 -28.7953 13.6478 22.1964 31.4472
-0.00106526 0.0127832 0.00958738 0.0159912 0.264648 0.96936 -28.7953 14.0977 21.4465 31.7826
-0.00106526 0.00213053 0.00213053 0.0142212 0.263611 0.968384 -28.7953 14.0977 21.4465 31.7347
-0.00426106 0.0287621 0.00745685 0.0147095 0.266541 0.970337 -28.0454 12.8979 21.4465 31.7826
-0.015979 0.0191748 -0.00532632 0.0150146 0.266235 0.968445 -28.3454 14.0977 21.7465 31.7826
-0.0117179 0.0138484 -0.00426106 0.015625 0.264343 0.968628 -28.3454 13.6478 22.4963 31.7347
-0.00426106 0.00958738 -0.00106526 0.0140381 0.263855 0.974976 -28.1954 13.9477 21.2965 31.6389
0.0127832 0.00745685 0.00106526 0.0166016 0.259583 0.96875 -28.1954 13.9477 21.2965 31.5909
0.0127832 0.00319579 -0.0138484 0.0196533 0.26532 0.970703 -28.7953 14.8476 20.9966 31.9264
-0.0127832 0.00958738 -0.00639159 0.0115356 0.263489 0.97345 -26.5457 13.9477 22.0464 31.7347
-0.00745685 0.015979 0.00639159 0.0135498 0.264404 0.966736 -26.5457 13.9477 22.0464 31.4472
-0.00639159 0.0234358 -0.00213053 0.0180054 0.261597 0.967712 -26.5457 13.9477 22.0464 31.7826
0.00213053 0.00532632 -0.00958738 0.0167847 0.265137 0.971558 -27.5955 14.0977 22.9463 31.7826
0.00213053 0.00852212 0.00426106 0.0143433 0.261536 0.972778 -28.6453 13.4978 21.5965 31.7826
0.0149137 0.0138484 -0.00958738 0.0183716 0.263184 0.971191 -28.6453 13.4978 21.5965 31.7347
-0.00319579 0.00106526 -0.0106526 0.0195312 0.261536 0.966125 -29.3952 13.9477 22.3464 31.4472
-0.00745685 0.02024 0.00532632 0.0106201 0.262268 0.970886 -25.6458 13.3478 21.7465 31.8306
-0.00958738 0.0213053 -0.00213053 0.0153198 0.263184 0.968994 -25.6458 13.3478 21.7465 31.7347
-0.00852212 0.0127832 0.00319579 0.019165 0.264282 0.965759 -27.7455 14.9976 21.2965 31.8306
-0.00213053 0.0127832 -0.00319579 0.0169067 0.260986 0.96936 -28.0454 12.8979 22.1964 31.8306
0.00852212 0.0138484 -0.00426106 0.0144653 0.26178 0.969971 -28.0454 12.8979 22.1964 31.5909
-0.00532632 0.00852212 0.00319579 0.0201416 0.266296 0.970276 -27.5955 14.3977 21.7465 31.8306
-0.00426106 0.00106526 -0.00426106 0.019165 0.263367 0.970398 -27.5955 15.1475 20.6966 31.7347
-0.00852212 0.00958738 0.00745685 0.0148315 0.262573 0.970398 -27.1456 14.3977 22.9463 31.7826
0.00426106 0.0213053 -0.00426106 0.0161743 0.26593 0.96875 -28.0454 12.8979 22.1964 31.9743
-0.00106526 -0.00106526 -0.0191748 0.0171509 0.264465 0.969543 -28.7953 14.0977 21.4465 31.543
-0.00958738 0.00958738 0.0213053 0.00872803 0.263 0.975464 -27.1456 14.3977 20.2467 31.8306
0.00745685 0.0149137 -0.00852212 0.0169678 0.264465 0.968994 -27.1456 13.6478 20.9966 31.6389
-0.0106526 0.00532632 -0.0191748 0.0180664 0.266968 0.966858 -27.7455 13.1979 22.0464 31.7826
-0.015979 0.0266316 0.00852212 0.0132446 0.262817 0.974976 -28.3454 14.0977 22.4963 31.7347
-0.00532632 0.0266316 0.00532632 0.0167847 0.266724 0.966064 -28.0454 13.6478 21.7465 31.543
-0.0138484 0.00426106 0.00532632 0.0153809 0.262573 0.96875 -28.0454 13.6478 21.7465 31.7826
-0.00106526 0.0138484 -0.00319579 0.0151367 0.265991 0.97699 -26.9956 13.4978 21.2965 31.4472
0.00852212 0.0149137 0.00106526 0.0166626 0.266602 0.970947 -26.9956 13.9477 22.7963 31.8306
-0.00319579 0.00745685 -0.00852212 0.0203857 0.267212 0.968384 -26.9956 13.9477 22.7963 31.9264
-0.00319579 0.0117179 -0.00852212 0.0167236 0.262573 0.968933 -26.9956 13.9477 22.7963 31.5909
-0.0106526 0.015979 0.00106526 0.0141602 0.262817 0.970032 -28.0454 13.6478 22.1964 31.7347
-0.00426106 0.0170442 0.00213053 0.0133667 0.263306 0.972107 -28.6453 13.4978 22.7963 31.9264
-0.00106526 0.0117179 -0.00639159 0.0200195 0.26593 0.969971 -28.6453 13.4978 22.7963 31.7347
-0.00639159 0.0170442 -0.00426106 0.0164795 0.258667 0.969727 -27.5955 12.8979 22.1964 31.7826
-0.00426106 0.0255663 0.00426106 0.0162354 0.26416 0.971619 -29.3952 13.1979 20.5467 31.7347
-0.00213053 0.0170442 0 0.0177612 0.268188 0.970703 -29.3952 13.1979 20.5467 31.7826
-0.0149137 0.0149137 0 0.0180054 0.261719 0.966003 -28.1954 14.9976 22.0464 31.7826
-0.00426106 0.0170442 -0.00319579 0.0170288 0.266357 0.969727 -27.4455 13.9477 22.7963 31.7347
0 0.00532632 -0.00639159 0.0148315 0.264587 0.96991 -27.1456 14.3977 22.1964 31.543
-0.00106526 0.0138484 -0.00319579 0.0148315 0.261047 0.972534 -29.3952 14.9976 23.0962 31.543
-0.00639159 0.0127832 -0.00532632 0.013855 0.263428 0.968567 -26.8456 12.5979 22.4963 31.543
-0.0106526 0.015979 -0.00213053 0.0194092 0.26416 0.967468 -27.7455 13.4978 20.8466 31.7826
-0.0138484 0.00958738 -0.00426106 0.017334 0.263428 0.970642 -28.1954 13.9477 22.0464 31.7826
-0.00426106 0.0213053 0 0.0150146 0.265137 0.971191 -28.1954 13.9477 22.0464 31.7826
0 0.0223706 -0.00319579 0.0161743 0.26239 0.970276 -27.7455 13.1979 22.7963 31.3034
0 -0.00106526 -0.00639159 0.017395 0.263306 0.965759 -28.1954 13.9477 21.5965 31.7826
-0.0127832 0.0138484 -0.00106526 0.015686 0.264832 0.974731 -28.1954 13.9477 21.5965 31.7347
-0.00213053 0.0234358 0.00532632 0.0175171 0.267578 0.973511 -28.6453 13.9477 22.7963 31.4472
-0.0138484 0.0170442 -0.0181095 0.0203247 0.267761 0.966675 -28.3454 13.3478 21.4465 31.8306
-0.0127832 0.0223706 0 0.015564 0.261475 0.970215 -28.3454 13.3478 21.4465 31.4472
-0.00213053 0.0287621 0.00213053 0.0140991 0.260315 0.971313 -27.5955 11.8481 21.4465 31.6389
0.00213053 0.0138484 0.00319579 0.0178223 0.26532 0.971924 -25.9458 13.6478 22.1964 31.543
-0.00958738 0.0117179 0.00532632 0.0147705 0.262085 0.971985 -25.9458 13.6478 22.1964 31.7826
0.00319579 0.00958738 -0.00532632 0.0161743 0.264954 0.97229 -27.5955 14.8476 21.7465 31.543
-0.00426106 0.00639159 -0.00426106 0.0167847 0.263428 0.967651 -28.0454 13.6478 21.7465 31.8306
0.00106526 -0.00213053 -0.00213053 0.0171509 0.263123 0.971375 -28.7953 15.5975 20.6966 31.6389
0.00106526 0.0191748 -0.00426106 0.0158691 0.262207 0.972168 -26.8456 13.3478 21.7465 31.8306
-0.00319579 0.015979 0.00639159 0.0164795 0.263 0.968323 -26.9956 13.4978 22.3464 31.7826
0.00319579 0.0106526 -0.0181095 0.0184326 0.266541 0.96698 -27.4455 14.2477 22.0464 31.9743
-0.00852212 0.00639159 -0.00532632 0.0170288 0.264709 0.969971 -26.8456 13.3478 21.7465 31.3993
-0.00426106 0.0298274 0.00319579 0.0180054 0.262939 0.971069 -28.6453 13.9477 23.5462 31.7347
-0.00213053 0.0191748 -0.02024 0.0211182 0.265137 0.966309 -28.6453 13.9477 23.5462 31.8306
-0.0138484 0.0127832 0.00745685 0.0140381 0.263428 0.968506 -28.6453 13.9477 22.7963 31.7347
-0.00213053 0.0181095 0.00958738 0.0125122 0.261414 0.973389 -27.7455 13.9477 22.0464 31.7826
0.00319579 0.0181095 -0.0170442 0.017395 0.264221 0.966858 -27.7455 13.9477 22.0464 31.543
-0.0127832 0.0117179 -0.00106526 0.0162354 0.26355 0.966858 -27.5955 13.3478 21.4465 31.8306
-0.00639159 0.0191748 0.00958738 0.0141602 0.263855 0.970337 -27.1456 14.0977 21.4465 31.543
-0.00426106 0.0213053 -0.00106526 0.0171509 0.266602 0.972046 -27.1456 14.0977 21.4465 31.7826
-0.00532632 0.00958738 -0.00532632 0.0195312 0.264404 0.970459 -27.7455 13.4978 22.0464 31.6389
0.00532632 0.00639159 -0.00532632 0.0158691 0.260986 0.969482 -28.3454 14.3977 22.9463 31.543
0.00213053 0.0245011 0.00106526 0.0153198 0.265015 0.971252 -28.3454 14.3977 22.9463 32.0702
-0.00319579 0.0170442 0.00213053 0.0166626 0.264221 0.971802 -26.9956 13.4978 22.0464 31.7347
-0.00639159 0.0117179 0.00213053 0.0178833 0.264282 0.96814 -27.5955 14.3977 22.9463 31.7826
-0.00745685 0.02024 0.00213053 0.0155029 0.265259 0.971008 -27.5955 14.3977 22.9463 31.7826
-0.00213053 0.0149137 -0.0191748 0.0183716 0.268066 0.968933 -27.7455 14.9976 22.0464 31.6389
-0.00213053 0.00426106 -0.00213053 0.0158691 0.263611 0.969421 -27.4455 13.9477 23.5462 31.6389
-0.00639159 0.02024 0.0117179 0.0134888 0.261963 0.969666 -27.1456 14.3977 22.1964 31.6389
0 0.0170442 -0.0149137 0.0177002 0.265259 0.967285 -26.3957 14.0977 22.1964 31.7347
-0.0117179 0.0117179 -0.00426106 0.0178833 0.262512 0.973145 -26.8456 14.3977 21.4465 31.8306
-0.00639159 0.0149137 0.00426106 0.0148315 0.264832 0.973328 -27.7455 13.9477 23.0962 31.7347
-0.00213053 0.0149137 -0.0117179 0.0181885 0.263733 0.965759 -28.6453 13.4978 20.8466 31.7826
0.00106526 0.0127832 -0.00426106 0.0164795 0.264099 0.968384 -28.6453 13.4978 20.8466 31.8306
-0.00106526 0.00426106 -0.00426106 0.0154419 0.262512 0.970093 -28.0454 13.6478 21.4465 31.7347
-0.00745685 0.0149137 0.00745685 0.0133057 0.261169 0.975037 -28.3454 13.6478 20.6966 31.7347
-0.00639159 0.00958738 -0.00319579 0.0198364 0.264221 0.969238 -28.3454 13.6478 20.6966 31.5909
-0.00319579 0.0138484 -0.0127832 0.0139771 0.262573 0.968445 -27.1456 14.0977 22.4963 31.5909
-0.0138484 0.0245011 0.00745685 0.0128784 0.262451 0.972839 -28.3454 12.8979 22.4963 31.6389
-0.00213053 0.0170442 -0.00106526 0.0184326 0.263245 0.968872 -28.3454 12.8979 22.4963 31.7826
0.00745685 -0.00958738 -0.00106526 0.0178223 0.264343 0.970276 -28.3454 12.8979 20.9966 31.7826
-0.00213053 0.0181095 -0.00106526 0.0130615 0.262268 0.974792 -27.1456 12.8979 22.1964 31.5909
-0.00852212 0.0191748 0 0.0163574 0.263123 0.968262 -27.1456 12.8979 22.1964 31.8306
-0.0106526 0.02024 0.00426106 0.0175781 0.264526 0.966553 -26.8456 14.8476 21.4465 31.7826
-0.0223706 0.0191748 0 0.0180054 0.262634 0.96875 -28.7953 14.0977 20.9966 31.7826
-0.00958738 0.0287621 -0.00852212 0.013916 0.263245 0.96759 -28.7953 14.0977 20.9966 31.8306
-0.00639159 0.015979 0 0.0140991 0.263855 0.971375 -27.1456 12.5979 20.9966 31.3993
-0.00745685 0.00852212 0.00745685 0.0164795 0.262329 0.970215 -28.3454 14.0977 21.4465 31.7826
-0.00532632 0.0127832 -0.00426106 0.0130005 0.260803 0.970642 -27.4455 12.7479 20.5467 31.7826
-0.0138484 0.0255663 -0.00213053 0.0178223 0.264038 0.968567 -27.1456 14.0977 21.7465 31.7826
-0.0170442 0.00426106 -0.0127832 0.0158081 0.265686 0.969971 -26.9956 14.6976 20.8466 31.7826
0.00319579 0.0170442 0.00426106 0.0129395 0.261902 0.974182 -27.4455 14.6976 21.2965 31.543
0.00852212 0.015979 -0.00319579 0.0187378 0.266418 0.969543 -27.4455 13.1979 20.8466 31.5909
-0.00213053 -0.00426106 -0.00958738 0.0189209 0.263611 0.968506 -28.0454 14.8476 22.4963 31.5909
-0.00532632 0.0181095 0.0106526 0.0115967 0.262329 0.973389 -28.0454 14.8476 22.4963 31.7347
0 0.0234358 -0.00745685 0.0171509 0.266479 0.967346 -27.7455 13.9477 22.3464 31.7347
-0.00532632 0.0127832 -0.00532632 0.0157471 0.266113 0.965576 -28.0454 13.6478 20.9966 31.3034
-0.0127832 0.00958738 0.00213053 0.0174561 0.263428 0.972717 -28.0454 13.6478 20.9966 31.7347
0.0106526 0.0138484 -0.0106526 0.0163574 0.261414 0.970825 -28.7953 14.0977 21.4465 31.7826
0.00745685 0.00745685 0.00213053 0.0161743 0.265808 0.973694 -27.1456 14.8476 20.9966 31.6389
-0.00319579 0.00213053 -0.00426106 0.013916 0.264648 0.972534 -27.1456 14.8476 20.9966 31.8306
-0.00639159 0.0170442 0.00213053 0.0134277 0.260132 0.966919 -25.6458 14.8476 21.7465 31.7826
-0.00426106 0.0223706 -0.00426106 0.0180054 0.262878 0.968872 -27.7455 13.1979 22.0464 31.7826
-0.00852212 0.00958738 -0.00532632 0.0177612 0.263855 0.969788 -27.7455 13.1979 22.0464 31.8306
-0.00426106 0.0149137 0.00532632 0.0178223 0.261841 0.97113 -28.0454 12.8979 21.7465 31.8306
0 0.0138484 -0.00319579 0.017395 0.263916 0.970154 -28.3454 12.5979 21.7465 31.7826
-0.00426106 0.00745685 -0.0106526 0.0193481 0.265259 0.968933 -28.1954 15.4475 22.3464 31.6389
-0.00852212 0.0149137 0.00319579 0.0144653 0.262024 0.973083 -27.7455 14.9976 22.3464 31.8306
-0.00639159 0.02024 0.00852212 0.0177612 0.263672 0.967346 -28.6453 13.4978 22.0464 31.7347
-0.00532632 0.00852212 -0.0138484 0.0209351 0.265198 0.963745 -26.5457 14.9976 22.0464 31.7347
-0.00319579 0.0106526 0.00745685 0.0155029 0.262817 0.97168 -27.7455 14.2477 19.7968 31.5909
-0.00319579 0.0106526 0.0117179 0.0151978 0.262329 0.974121 -28.0454 14.0977 21.4465 31.5909
0.00319579 0.015979 -0.00958738 0.0164185 0.262695 0.965027 -26.9956 13.1979 20.8466 31.7347
-0.0117179 0.0170442 -0.0106526 0.0176392 0.263855 0.969666 -28.7953 14.0977 21.4465 31.7826
-0.0106526 0.0223706 -0.00106526 0.015564 0.262207 0.973145 -28.7953 14.0977 21.4465 31.8306
-0.00426106 0.0223706 0.00319579 0.0183716 0.262878 0.967834 -27.1456 14.8476 21.7465 31.9743
-0.00426106 0.00852212 -0.0106526 0.0186768 0.266846 0.967285 -26.5457 14.6976 22.7963 31.543
-0.00426106 0.00532632 0.00106526 0.0128174 0.259338 0.973511 -26.5457 14.6976 22.7963 31.543
-0.00106526 0.02024 0.00106526 0.0161743 0.26239 0.971436 -26.5457 14.6976 22.7963 31.7826
-0.00213053 0 -0.00532632 0.0196533 0.265381 0.970764 -28.0454 13.3478 21.7465 31.6389
-0.0117179 0.0181095 0.00319579 0.012085 0.265747 0.972839 -28.3454 13.3478 20.6966 31.7826
-0.00532632 0.0319579 -0.00213053 0.0187988 0.264038 0.966858 -28.3454 13.3478 20.6966 31.7347
-0.00852212 0.00639159 -0.0106526 0.0184326 0.266052 0.967224 -28.3454 14.0977 22.1964 31.7347
-0.00532632 0.00639159 0.0170442 0.0112305 0.264832 0.971802 -27.4455 14.9976 21.5965 31.8306
0.00639159 0.0213053 -0.00106526 0.0159912 0.263062 0.973145 -27.4455 14.9976 21.5965 32.0702
-0.00213053 0.0170442 -0.00639159 0.0211792 0.264587 0.965698 -28.1954 12.7479 23.0962 31.7826
-0.0127832 0.0127832 0.00213053 0.015625 0.264954 0.970337 -28.0454 13.3478 21.4465 31.5909
-0.00426106 0.0170442 0.00106526 0.0170288 0.261902 0.972229 -27.5955 14.0977 22.1964 31.7347
-0.00426106 0.02024 -0.00213053 0.0174561 0.263184 0.969543 -29.3952 13.9477 21.2965 31.7826
0.00319579 0.00639159 -0.0149137 0.0182495 0.263428 0.965942 -28.1954 14.6976 21.5965 31.6389
-0.00639159 0.00639159 -0.00745685 0.0152588 0.261353 0.974121 -28.9453 13.9477 21.5965 31.7347
0 0.0266316 0.0117179 0.015686 0.265015 0.972473 -28.3454 13.3478 23.2462 31.5909
-0.00639159 0.00958738 -0.00958738 0.0194092 0.267029 0.970032 -27.7455 11.998 22.7963 31.7347
-0.00745685 0.0149137 -0.00426106 0.0136719 0.26239 0.969849 -27.7455 14.6976 20.8466 31.8306
-0.00106526 0.015979 0.00319579 0.0120239 0.264465 0.974182 -27.4455 12.448 23.0962 31.7347
0.00319579 0.0106526 -0.00639159 0.0172119 0.266113 0.968933 -27.4455 12.448 23.0962 31.7826
-0.00213053 0.0127832 -0.00426106 0.0180664 0.262024 0.972351 -28.6453 13.9477 22.7963 31.6389
-0.00319579 0.0191748 0.00426106 0.0158081 0.261108 0.970276 -27.1456 14.0977 23.2462 31.7347
-0.00426106 0.015979 -0.00639159 0.0193481 0.262878 0.968689 -27.1456 14.0977 23.2462 31.7347
-0.0181095 0.0191748 0.00852212 0.020874 0.265076 0.968445 -28.7953 14.0977 23.6961 31.7347
-0.00532632 0.015979 -0.00745685 0.019104 0.264099 0.970032 -28.0454 13.3478 21.4465 31.9264
0.00426106 0.0298274 -0.00213053 0.0160522 0.265686 0.970581 -28.0454 13.3478 21.4465 31.5909
0.00106526 0.0106526 -0.00745685 0.0169678 0.267822 0.967529 -27.4455 14.2477 23.5462 31.9743
-0.00639159 0.00319579 0.00213053 0.0164185 0.262573 0.97052 -28.9453 12.448 22.7963 31.7347
-0.00639159 0.0319579 0.00852212 0.0142212 0.262207 0.975098 -28.9453 12.448 22.7963 31.8306
-0.00426106 0.0149137 -0.0149137 0.0189209 0.266968 0.964661 -27.7455 13.4978 21.2965 31.8306
-0.015979 0.0127832 -0.00213053 0.0180664 0.262207 0.969666 -28.6453 13.1979 23.0962 31.3993
-0.00106526 0.0191748 0 0.0131836 0.261719 0.974487 -28.1954 14.6976 20.5467 31.6389
0.00426106 0.0127832 -0.00639159 0.0166626 0.266724 0.969666 -28.3454 14.0977 23.2462 31.8306
-0.00106526 -0.00426106 -0.0106526 0.0165405 0.262329 0.967957 -29.5452 13.6478 21.4465 31.9264
-0.00745685 0.0223706 0.00958738 0.0154419 0.261353 0.971497 -29.5452 13.6478 21.4465 31.9264
-0.00745685 0.0127832 0 0.0131836 0.26355 0.970703 -27.7455 13.4978 21.2965 31.543
-0.00532632 0.0181095 -0.00319579 0.0175781 0.265442 0.96759 -26.9956 14.6976 21.2965 31.7347
-0.00958738 0.0127832 -0.00319579 0.0152588 0.263611 0.972534 -28.9453 16.1974 22.7963 31.7826
0.00213053 0.0245011 0.00106526 0.0161743 0.262878 0.968201 -28.0454 12.8979 21.4465 31.7347
0.00213053 0.015979 0.00532632 0.0168457 0.265198 0.968384 -26.9956 14.2477 21.2965 31.7826
-0.00532632 0.0117179 -0.00532632 0.0174561 0.262451 0.968933 -26.9956 14.2477 21.2965 31.6389
-0.0181095 0.02024 0.00532632 0.0177612 0.265137 0.969299 -27.5955 13.6478 20.9966 31.7347
0.00532632 0.0191748 -0.0138484 0.020752 0.263245 0.967468 -28.0454 12.8979 20.9966 31.5909
-0.0127832 0.00319579 -0.00319579 0.0159302 0.264587 0.97229 -28.0454 12.8979 20.9966 31.6389
0.00745685 0.0245011 0.0149137 0.0123901 0.260193 0.971436 -28.1954 14.6976 21.5965 31.6389
0.00532632 0.0181095 -0.00639159 0.0180664 0.262512 0.96698 -28.9453 14.2477 19.7968 31.3993
-0.00319579 0.00532632 -0.00106526 0.0145264 0.263672 0.967163 -28.9453 14.2477 19.7968 31.8306
-0.0149137 0.0223706 0.0117179 0.0175781 0.259827 0.97345 -26.9956 15.4475 21.5965 31.9264
-0.00532632 0.0213053 -0.00532632 0.0214233 0.266174 0.970398 -28.7953 14.3977 21.7465 31.7826
-0.0138484 0.0181095 -0.00106526 0.0188599 0.263428 0.96759 -28.7953 14.3977 21.7465 31.6389
0.00213053 0.015979 -0.0127832 0.0142212 0.266846 0.97168 -27.1456 14.3977 23.2462 31.543
0.00319579 0.0138484 -0.00106526 0.0164185 0.265076 0.97168 -26.3957 13.6478 23.2462 31.6389
0 0.00958738 0.00532632 0.0151367 0.264893 0.968506 -27.4455 13.9477 22.0464 31.6389
-0.00745685 0.00745685 -0.00532632 0.0165405 0.263123 0.964905 -27.7455 14.6976 22.0464 31.543
-0.015979 0.0276969 0.00213053 0.0131226 0.264465 0.973816 -28.7953 14.8476 21.7465 31.7347
-0.00213053 0.0287621 0.00639159 0.0183716 0.264709 0.96936 -26.8456 14.0977 20.9966 31.5909
-0.00106526 -0.00745685 -0.0127832 0.0212402 0.264404 0.968628 -28.7953 14.3977 22.4963 31.9264
0.00106526 0.015979 -0.00426106 0.0147095 0.25885 0.973877 -27.4455 13.1979 22.3464 31.7347
0.00852212 0.00532632 -0.00639159 0.0145264 0.260803 0.971252 -26.9956 13.4978 21.2965 31.7347
-0.00958738 0.0106526 0.00106526 0.0166016 0.264038 0.968567 -27.4455 13.9477 23.5462 31.7347
-0.0170442 0.02024 0.0117179 0.0158081 0.264893 0.968994 -27.4455 13.9477 23.5462 31.5909
-0.00852212 0.0298274 -0.00532632 0.0178223 0.26532 0.969604 -27.1456 13.6478 22.1964 31.543
-0.00852212 0.0138484 -0.00639159 0.0223389 0.263855 0.967957 -26.8456 11.8481 20.9966 31.7826
0.00319579 0.00852212 0 0.0179443 0.264771 0.973511 -26.8456 11.8481 20.9966 31.7826
-0.00319579 0.00852212 0.00319579 0.0145874 0.262695 0.971008 -27.1456 14.0977 20.6966 31.9743
0.00852212 0.0245011 -0.00958738 0.0175171 0.262573 0.965942 -26.9956 12.7479 22.3464 31.6389
-0.0170442 0.00745685 -0.00639159 0.0141602 0.265381 0.965637 -26.9956 12.7479 22.3464 31.9743
-0.0106526 0.0223706 0.0106526 0.0130615 0.26062 0.973755 -26.9956 12.7479 22.3464 31.7347
-0.00639159 0.0266316 0.00745685 0.0165405 0.266968 0.967957 -28.3454 15.1475 21.7465 31.8306
0.00213053 -0.00426106 -0.00958738 0.0184937 0.263672 0.966614 -28.6453 13.9477 21.2965 31.7347
0 0.0170442 -0.00745685 0.0180054 0.264954 0.977173 -28.6453 13.9477 21.2965 31.4472
0.00958738 0.00958738 0.00106526 0.0153809 0.26593 0.974548 -26.2457 14.2477 20.8466 31.6389
-0.00958738 0.00426106 -0.00532632 0.0194092 0.26593 0.965576 -27.1456 13.6478 21.7465 31.7826
-0.00426106 0.0138484 -0.00639159 0.013916 0.262268 0.971985 -28.6453 12.448 22.3464 31.7347
-0.00852212 0.0213053 0.00745685 0.0115356 0.265564 0.968689 -26.5457 14.9976 22.7963 31.9264
-0.00639159 0.0149137 0.00213053 0.0176392 0.266113 0.970947 -27.5955 14.3977 20.9966 31.6389
-0.00319579 0.015979 0.00852212 0.0148315 0.263062 0.972351 -25.7958 12.7479 22.7963 31.6389
-0.00426106 0.0149137 -0.00639159 0.0181885 0.261963 0.969666 -28.0454 14.3977 21.4465 31.8306
-0.00213053 0.0245011 -0.00745685 0.0178833 0.264893 0.968445 -28.0454 14.3977 21.4465 31.7826
-0.00852212 0.00958738 -0.00213053 0.0162354 0.265564 0.969788 -28.3454 13.3478 22.4963 31.7826
-0.00532632 0.0191748 0.00532632 0.0129395 0.262268 0.969299 -26.8456 14.3977 20.6966 31.7347
0.00426106 0.0181095 0.00213053 0.0172119 0.26593 0.967041 -26.8456 14.3977 20.6966 31.7347
0.00426106 0.00958738 -0.0106526 0.0183716 0.264343 0.971252 -27.7455 14.2477 22.0464 31.7347
-0.00745685 0.00852212 0.00958738 0.0150146 0.262756 0.972168 -27.5955 14.3977 21.7465 31.7826
0.00639159 0.0223706 0 0.0170898 0.26239 0.970886 -27.5955 14.3977 21.7465 31.8306
-0.00852212 0.0117179 -0.0170442 0.0209351 0.266541 0.966919 -27.5955 13.6478 21.4465 31.5909
-0.00745685 0.0213053 -0.00532632 0.00878906 0.261658 0.970398 -27.4455 14.9976 22.3464 31.7347
-0.0106526 0.0181095 0.00852212 0.012146 0.263489 0.972412 -27.4455 14.9976 22.3464 31.543
0.00426106 0.0149137 0 0.0159302 0.262085 0.968994 -28.3454 12.5979 22.9463 31.7826
-0.00958738 0.0138484 0.00745685 0.0170898 0.262329 0.968994 -27.5955 13.3478 22.9463 31.7347
-0.00319579 0.0181095 -0.00532632 0.0162964 0.264648 0.971375 -27.5955 13.3478 22.9463 31.4472
-0.0127832 0.0245011 0.00426106 0.0159302 0.265625 0.96875 -27.1456 12.8979 23.6961 31.8306
-0.00532632 0.00426106 -0.00532632 0.0159302 0.266479 0.968262 -28.1954 14.6976 23.0962 31.8306
-0.00106526 0.00852212 -0.00639159 0.0158691 0.262939 0.969238 -27.7455 13.9477 20.5467 31.8306
0.00958738 0.0149137 -0.00532632 0.0166016 0.262329 0.971863 -27.1456 14.0977 21.4465 31.7347
-0.00426106 0.0106526 -0.00532632 0.017334 0.261902 0.968201 -29.8451 13.1979 21.2965 31.7347
-0.00852212 0.00745685 -0.00106526 0.0153809 0.26416 0.971558 -26.2457 13.9477 22.3464 31.8306
-0.0117179 0.0319579 0.00426106 0.0178223 0.261414 0.966492 -28.6453 13.9477 22.3464 31.7826
-0.00532632 0.0191748 -0.0191748 0.0206299 0.263306 0.966797 -28.6453 13.9477 22.3464 31.7826
-0.0127832 0.00852212 0 0.0144043 0.262756 0.97168 -28.6453 13.9477 22.3464 31.8306
-0.00106526 0.015979 0.00852212 0.0130615 0.264526 0.972351 -26.3957 14.3977 22.1964 31.4472
0.00745685 0.0138484 -0.00745685 0.0169067 0.264221 0.967285 -25.9458 14.3977 21.4465 31.7826
-0.00213053 0.0117179 -0.00213053 0.0181274 0.263367 0.971558 -25.9458 14.3977 21.4465 31.6389
-0.00958738 0.015979 0.00106526 0.0140991 0.267212 0.97229 -28.3454 13.6478 20.9966 31.7347
-0.0181095 0.02024 0.00958738 0.0165405 0.267822 0.970459 -27.4455 13.1979 22.3464 31.8306
-0.00106526 0.00958738 -0.00639159 0.0187378 0.264771 0.965576 -27.4455 13.1979 22.3464 31.4472
-0.00532632 0.00532632 -0.00426106 0.0192261 0.265381 0.970642 -26.9956 14.6976 21.5965 31.6389
0.00745685 0.0170442 0.00852212 0.0139771 0.263306 0.974426 -28.1954 13.9477 22.0464 31.8306
-0.00213053 0.00852212 -0.00106526 0.0159302 0.264832 0.969788 -28.1954 13.9477 22.0464 31.7826
-0.00213053 0.00532632 -0.00958738 0.0150146 0.260803 0.966553 -27.7455 12.7479 20.5467 31.7347
-0.0149137 0.0276969 0.00639159 0.0145874 0.262085 0.967896 -28.1954 16.1974 22.7963 31.7347
0 0.0149137 -0.0106526 0.0167236 0.269104 0.967224 -27.5955 13.3478 22.4963 31.7347
-0.00745685 0.00745685 0.00532632 0.0168457 0.264038 0.970825 -26.5457 14.6976 21.5965 31.6389
0.00319579 0.0181095 0 0.0146484 0.263672 0.972412 -27.5955 14.0977 21.7465 31.8306
-0.00319579 0.0138484 -0.00745685 0.0180054 0.264282 0.966553 -26.9956 12.448 21.2965 31.7826
-0.00745685 0.0127832 -0.00319579 0.015686 0.264771 0.970581 -27.7455 13.9477 21.5965 31.6389
-0.0117179 0.02024 0.0117179 0.0146484 0.264587 0.969604 -28.9453 14.2477 21.2965 31.7347
-0.00852212 0.0213053 -0.00426106 0.0136108 0.261169 0.968811 -27.7455 13.9477 21.5965 31.7826
-0.00639159 0.015979 -0.00319579 0.0182495 0.263855 0.968567 -28.0454 14.0977 23.2462 31.543
0.00213053 0.00213053 0.00426106 0.0184937 0.260254 0.9729 -28.0454 14.0977 23.2462 31.7826
0.00639159 0.0138484 0 0.0175171 0.259766 0.971191 -27.7455 13.9477 21.5965 31.4472
0.00106526 0.0181095 -0.00213053 0.0210571 0.265808 0.967346 -26.8456 14.3977 21.7465 31.6389
-0.00852212 0.00319579 -0.00532632 0.0140991 0.264221 0.967896 -26.8456 14.3977 21.7465 31.9264
-0.00852212 0.0234358 0.00958738 0.0144043 0.260803 0.970642 -27.7455 13.9477 22.7963 31.9264
-0.00106526 0.0191748 -0.00532632 0.0189209 0.267395 0.969055 -27.7455 14.6976 22.0464 31.6389
-0.00745685 0.00852212 -0.00213053 0.0180054 0.262878 0.966248 -27.7455 14.6976 22.0464 31.5909
0 0.0170442 0.00532632 0.0151978 0.259277 0.973083 -28.3454 15.1475 22.4963 31.7826
0 0.0170442 -0.00319579 0.0185547 0.265442 0.971252 -26.3957 15.1475 22.1964 31.7826
-0.00213053 0.00639159 -0.00213053 0.0197144 0.264832 0.966797 -26.3957 15.1475 22.1964 31.7826
-0.0117179 0.015979 -0.00213053 0.0137939 0.265076 0.967529 -27.5955 13.3478 21.4465 31.7826
0.00852212 0.0170442 -0.00852212 0.0126343 0.263062 0.96991 -27.5955 13.3478 21.7465 31.5909
-0.00639159 0.02024 0.00426106 0.012085 0.264099 0.970032 -27.5955 13.3478 21.7465 31.7826
0.00639159 0.00426106 -0.00319579 0.0130005 0.263855 0.969971 -27.4455 12.7479 20.8466 31.9264
-0.00532632 0.02024 0.00426106 0.0160522 0.260193 0.972473 -25.7958 13.9477 22.0464 31.7826
0 0.0117179 -0.0127832 0.0166626 0.263 0.968262 -29.3952 13.1979 21.5965 31.8306
-0.0149137 0.00106526 -0.00426106 0.0177612 0.263611 0.967712 -27.7455 14.6976 21.2965 31.7347
-0.00639159 0.0245011 0.00852212 0.0130005 0.263367 0.974976 -27.4455 13.1979 21.5965 31.7347
-0.00106526 0.0138484 -0.00319579 0.0177002 0.263733 0.967468 -26.5457 13.4978 21.5965 31.7826
0.00106526 0.00426106 -0.00639159 0.0184326 0.264648 0.968689 -27.7455 14.6976 22.7963 31.9743
-0.00639159 0.02024 0.0106526 0.0119629 0.26355 0.974426 -27.4455 14.2477 20.5467 31.7347
0.00319579 0.0127832 -0.00213053 0.0162354 0.264893 0.968323 -27.4455 14.2477 20.5467 31.543
-0.00106526 0.0138484 -0.0106526 0.0148315 0.264343 0.966309 -28.1954 13.4978 21.2965 31.7347
-0.00958738 0.0127832 0.00852212 0.0137939 0.264771 0.9729 -25.9458 14.3977 21.4465 31.7826
-0.00106526 0.015979 -0.00532632 0.0150757 0.264648 0.971313 -25.9458 14.3977 21.4465 31.7826
-0.00426106 0.015979 0.00213053 0.0155029 0.262024 0.968262 -26.2457 13.9477 22.0464 31.7826
-0.00106526 0.00852212 -0.00639159 0.0151367 0.26123 0.970703 -29.3952 14.2477 21.5965 31.6389
-0.015979 0.0255663 0.00852212 0.0123291 0.261047 0.971924 -29.3952 14.2477 21.5965 31.543
-0.00426106 0.0191748 0 0.017395 0.267029 0.970947 -28.1954 14.2477 22.7963 31.5909
-0.00852212 0.0127832 -0.00745685 0.0192871 0.267456 0.96991 -28.1954 14.2477 21.5965 31.5909
0 0.0127832 0.00106526 0.0129395 0.26355 0.972778 -28.1954 14.2477 21.5965 31.7347
0.00213053 0.0191748 -0.00532632 0.0158081 0.260315 0.966675 -27.4455 14.2477 22.0464 31.543
-0.00106526 -0.00426106 -0.00319579 0.0182495 0.263794 0.968018 -28.0454 14.0977 20.9966 31.7347
-0.0117179 0.0127832 0.0170442 0.0131226 0.263733 0.971741 -27.5955 14.0977 20.6966 31.9264
-0.00532632 0.0191748 -0.00745685 0.0179443 0.263123 0.969482 -28.1954 14.9976 21.5965 31.7826
-0.00852212 0.00532632 -0.0138484 0.0192261 0.265869 0.964722 -28.9453 13.1979 20.5467 31.9743
-0.00532632 0.0127832 0.00213053 0.0158081 0.266479 0.971802 -27.5955 15.1475 22.1964 31.7347
0 0.0213053 -0.00639159 0.0180054 0.260986 0.974792 -28.6453 11.6981 20.5467 31.7347
0.00852212 0.0117179 -0.0191748 0.0188599 0.262329 0.968384 -28.3454 14.3977 20.9966 31.5909
-0.00852212 -0.00532632 0.00745685 0.0155029 0.265442 0.970459 -28.0454 13.3478 20.9966 31.7347
-0.00319579 0.0117179 0.00213053 0.0157471 0.262451 0.975037 -27.5955 14.8476 22.4963 31.6389
-0.00319579 0.0191748 -0.00532632 0.0163574 0.265381 0.965027 -27.5955 14.8476 22.4963 31.9264
-0.0149137 0 0.00426106 0.019043 0.264465 0.970764 -27.5955 14.3977 21.4465 31.8306
0.00106526 0.0191748 -0.00106526 0.0178223 0.260986 0.972046 -28.7953 14.3977 21.4465 31.7826
-0.00532632 0.0117179 0 0.015564 0.263916 0.966797 -28.7953 14.3977 21.4465 31.7347
-0.00426106 0.00745685 -0.00426106 0.0149536 0.261292 0.9729 -28.7953 14.3977 21.4465 31.9743
-0.00958738 0.0213053 0.00532632 0.0167236 0.262939 0.967651 -28.3454 13.3478 20.9966 31.543
-0.0181095 0.0276969 -0.0106526 0.0128174 0.264221 0.968811 -28.1954 14.9976 20.8466 31.7826
-0.00106526 0.0181095 -0.00426106 0.017334 0.264709 0.971619 -28.1954 14.9976 20.8466 31.7347
-0.00319579 0.00852212 0.00639159 0.0159302 0.264587 0.969666 -27.1456 14.8476 22.4963 31.8306
0.0106526 0.015979 -0.00319579 0.0150146 0.260132 0.967285 -28.1954 13.9477 22.3464 31.6389
0.00213053 0.0106526 -0.00319579 0.0178833 0.259583 0.966614 -28.1954 13.9477 22.3464 31.5909
-0.0117179 0.00532632 0.00106526 0.0181885 0.261169 0.969666 -28.0454 14.0977 20.9966 31.7826
-0.00319579 0.0127832 -0.00745685 0.0148315 0.264709 0.973816 -28.6453 12.448 21.2965 31.9743
-0.00319579 0.0234358 0.00213053 0.0166016 0.263489 0.968994 -28.1954 14.2477 22.7963 31.6389
0.00532632 0.00532632 -0.0127832 0.0182495 0.265198 0.968201 -27.7455 14.2477 20.8466 32.0702
0.00213053 0.00319579 0 0.0182495 0.261658 0.9729 -27.4455 13.1979 21.2965 31.5909
0.00426106 0.00958738 0.0149137 0.0168457 0.266663 0.974487 -27.1456 13.6478 21.4465 31.7826
0.00106526 0.00532632 -0.0138484 0.0189819 0.263611 0.967224 -28.3454 15.5975 21.7465 31.7826
-0.00532632 0.015979 -0.0127832 0.013916 0.262085 0.968506 -28.3454 14.0977 22.4963 31.9743
-0.02024 0.0223706 0.00639159 0.0155029 0.264099 0.972778 -28.3454 13.3478 21.7465 31.7826
-0.00319579 0.015979 -0.00745685 0.0160522 0.266663 0.973145 -27.4455 13.9477 21.2965 31.543
-0.0106526 0.0181095 0.00319579 0.0180054 0.264648 0.96875 -27.4455 13.9477 21.2965 31.7826
-0.00213053 0.0181095 0.00745685 0.0130615 0.264404 0.970703 -29.2452 15.5975 20.6966 31.7826
0.00639159 0.0117179 -0.0117179 0.0166626 0.261414 0.971741 -28.7953 14.3977 22.1964 31.7347
-0.00958738 0.00745685 0.00532632 0.0178833 0.264587 0.973267 -28.7953 14.3977 22.1964 31.8306
-0.0117179 0.0127832 0.00106526 0.0157471 0.264954 0.970764 -28.3454 12.5979 21.7465 31.6389
0.00319579 0.02024 -0.00745685 0.0167236 0.262024 0.970459 -27.5955 13.6478 20.2467 31.6389
-0.00639159 0 -0.00213053 0.0166016 0.263916 0.971375 -27.5955 13.6478 20.2467 31.7826
-0.00106526 0.00639159 0.0117179 0.0150757 0.260681 0.974609 -27.5955 13.6478 19.1969 31.5909
-0.00745685 0.0223706 0.00319579 0.0179443 0.262451 0.968567 -28.7953 13.3478 21.4465 31.9743
-0.00532632 0.0170442 -0.00532632 0.0184937 0.264221 0.967346 -28.7953 13.3478 21.4465 31.5909
-0.00639159 0.0127832 -0.0266316 0.0140991 0.262695 0.966614 -29.5452 12.8979 22.4963 31.7347
-0.015979 0.00106526 0.0372843 0.0123901 0.261841 0.976685 -26.8456 14.0977 21.4465 31.7826
0.015979 0.00745685 -0.0149137 0.0169067 0.264343 0.96875 -27.7455 11.998 21.5965 31.6389
0.0138484 -0.00213053 -0.0490022 0.0241699 0.264709 0.966553 -27.1456 13.6478 21.4465 31.7826
-0.0308927 0.0223706 0.0479369 0.00762939 0.263245 0.981567 -27.1456 13.6478 22.4963 31.4472
0.00958738 0.0255663 -0.00532632 0.0201416 0.26416 0.966003 -27.1456 13.6478 22.4963 31.5909
-0.0191748 0.0191748 -0.0213053 0.0186768 0.268188 0.955322 -27.5955 15.8974 21.7465 31.9264
-0.0191748 0.0223706 0.00958738 0.0109863 0.263916 0.980713 -29.5452 14.0977 22.9463 31.7347
0.00213053 0.0372843 0.00532632 0.0149536 0.265137 0.96698 -27.1456 12.8979 22.4963 31.6389
-0.0106526 -0.00426106 -0.00426106 0.0252075 0.266174 0.964233 -27.4455 13.1979 21.5965 31.543
-0.00106526 0.015979 -0.00426106 0.0168457 0.262451 0.974487 -28.6453 15.4475 22.3464 31.8306
0.00213053 0.0149137 0.00213053 0.0137329 0.260742 0.96637 -28.6453 15.4475 22.3464 31.6389
0.0127832 0.00745685 -0.0255663 0.0169067 0.263367 0.965088 -27.7455 13.9477 22.3464 31.9743
-0.0298274 -0.00106526 0.0340885 0.0126953 0.262878 0.975952 -28.1954 13.9477 22.3464 31.7826
0.00745685 0.0490022 -0.0266316 0.019165 0.262146 0.963318 -28.1954 13.9477 22.3464 31.6389
-0.0234358 0.0170442 -0.0127832 0.0174561 0.263794 0.96759 -28.0454 15.8974 22.1964 31.5909
-0.0266316 0.00213053 0.052198 0.00952148 0.262756 0.979553 -28.0454 15.1475 22.4963 31.7826
0.0181095 0.0415453 -0.0266316 0.0166016 0.263611 0.966187 -28.0454 15.1475 22.4963 31.6389
-0.0138484 0.0266316 -0.0149137 0.0181885 0.263245 0.962891 -28.7953 12.148 22.9463 31.7347
-0.0287621 0.0138484 0.0319579 0.0126343 0.263672 0.973938 -28.7953 14.3977 21.4465 31.543
0.00639159 0.0266316 -0.0138484 0.0192261 0.263306 0.968018 -28.7953 14.3977 21.4465 31.7347
0.00532632 -0.00958738 -0.00532632 0.0167236 0.264587 0.96991 -27.7455 13.1979 21.2965 31.7347
0.00639159 0.0138484 0.00852212 0.0194092 0.262939 0.97699 -27.7455 13.4978 22.0464 31.7826
0.00319579 0.00639159 -0.02024 0.0162964 0.26355 0.966736 -28.7953 13.3478 21.7465 31.7347
-0.0106526 0.0223706 0.0127832 0.0116577 0.261658 0.975037 -28.0454 12.8979 21.4465 31.7347
-0.00532632 0.0223706 0.00532632 0.0197754 0.266785 0.97113 -28.7953 14.3977 22.9463 31.7826
